# Chunk-averaged data for fix denprof and group file
# Timestep Number-of-chunks Total-count
# Chunk Coord1 Ncount density/number
4500000 1200 20000
  1 -49.5526 15.939 0.176405
  2 -49.4699 16.071 0.177866
  3 -49.3872 16.142 0.178652
  4 -49.3046 16.038 0.177501
  5 -49.2219 16.103 0.17822
  6 -49.1393 16.137 0.178596
  7 -49.0566 16.292 0.180312
  8 -48.974 16.204 0.179338
  9 -48.8913 16.191 0.179194
  10 -48.8086 16.201 0.179305
  11 -48.726 16.285 0.180234
  12 -48.6433 16.125 0.178463
  13 -48.5607 16.022 0.177323
  14 -48.478 16.293 0.180323
  15 -48.3954 16.012 0.177213
  16 -48.3127 16.055 0.177689
  17 -48.23 16.49 0.182503
  18 -48.1474 16.03 0.177412
  19 -48.0647 16.297 0.180367
  20 -47.9821 15.974 0.176792
  21 -47.8994 16.046 0.177589
  22 -47.8168 16.131 0.17853
  23 -47.7341 16.097 0.178154
  24 -47.6515 15.857 0.175497
  25 -47.5688 16.142 0.178652
  26 -47.4861 16.024 0.177346
  27 -47.4035 16.234 0.17967
  28 -47.3208 16.268 0.180046
  29 -47.2382 16.164 0.178895
  30 -47.1555 16.169 0.17895
  31 -47.0729 16.106 0.178253
  32 -46.9902 16.124 0.178452
  33 -46.9075 15.909 0.176073
  34 -46.8249 16.321 0.180633
  35 -46.7422 16.13 0.178519
  36 -46.6596 15.957 0.176604
  37 -46.5769 16.133 0.178552
  38 -46.4943 16.241 0.179747
  39 -46.4116 16.105 0.178242
  40 -46.3289 16.378 0.181264
  41 -46.2463 16.222 0.179537
  42 -46.1636 16.061 0.177755
  43 -46.081 16.23 0.179626
  44 -45.9983 16.238 0.179714
  45 -45.9157 16.315 0.180566
  46 -45.833 16.296 0.180356
  47 -45.7504 16.471 0.182293
  48 -45.6677 16.521 0.182846
  49 -45.585 16.393 0.18143
  50 -45.5024 16.25 0.179847
  51 -45.4197 16.42 0.181728
  52 -45.3371 16.303 0.180433
  53 -45.2544 16.186 0.179139
  54 -45.1718 15.976 0.176814
  55 -45.0891 16.175 0.179017
  56 -45.0064 16.221 0.179526
  57 -44.9238 16.337 0.18081
  58 -44.8411 16.266 0.180024
  59 -44.7585 16.155 0.178795
  60 -44.6758 16.257 0.179924
  61 -44.5932 16.089 0.178065
  62 -44.5105 16.397 0.181474
  63 -44.4279 16.328 0.18071
  64 -44.3452 16.128 0.178497
  65 -44.2625 16.158 0.178829
  66 -44.1799 16.493 0.182536
  67 -44.0972 16.319 0.180611
  68 -44.0146 16.091 0.178087
  69 -43.9319 16.275 0.180124
  70 -43.8493 16.217 0.179482
  71 -43.7666 16.321 0.180633
  72 -43.6839 16.15 0.17874
  73 -43.6013 16.139 0.178618
  74 -43.5186 16.15 0.17874
  75 -43.436 16.377 0.181252
  76 -43.3533 16.056 0.1777
  77 -43.2707 16.072 0.177877
  78 -43.188 16.032 0.177434
  79 -43.1053 16.327 0.180699
  80 -43.0227 16.148 0.178718
  81 -42.94 15.997 0.177047
  82 -42.8574 16.111 0.178308
  83 -42.7747 16.035 0.177467
  84 -42.6921 16.237 0.179703
  85 -42.6094 16 0.17708
  86 -42.5268 16.247 0.179814
  87 -42.4441 16.012 0.177213
  88 -42.3614 16.191 0.179194
  89 -42.2788 16.251 0.179858
  90 -42.1961 15.976 0.176814
  91 -42.1135 16.162 0.178873
  92 -42.0308 16.181 0.179083
  93 -41.9482 16.26 0.179958
  94 -41.8655 16.317 0.180588
  95 -41.7828 16.414 0.181662
  96 -41.7002 16.088 0.178054
  97 -41.6175 16.278 0.180157
  98 -41.5349 16.096 0.178142
  99 -41.4522 16.214 0.179448
  100 -41.3696 16.021 0.177312
  101 -41.2869 16.049 0.177622
  102 -41.2042 16.062 0.177766
  103 -41.1216 16.344 0.180887
  104 -41.0389 16.283 0.180212
  105 -40.9563 16.339 0.180832
  106 -40.8736 16.25 0.179847
  107 -40.791 15.974 0.176792
  108 -40.7083 16.146 0.178696
  109 -40.6257 16.119 0.178397
  110 -40.543 15.984 0.176903
  111 -40.4603 16.103 0.17822
  112 -40.3777 16.039 0.177512
  113 -40.295 16.293 0.180323
  114 -40.2124 16.1 0.178187
  115 -40.1297 16.096 0.178142
  116 -40.0471 16.173 0.178995
  117 -39.9644 16.088 0.178054
  118 -39.8817 16.108 0.178275
  119 -39.7991 16.003 0.177113
  120 -39.7164 16.093 0.178109
  121 -39.6338 15.98 0.176859
  122 -39.5511 16.099 0.178176
  123 -39.4685 16.27 0.180068
  124 -39.3858 16.157 0.178818
  125 -39.3031 16.112 0.17832
  126 -39.2205 16.378 0.181264
  127 -39.1378 16.115 0.178353
  128 -39.0552 16.289 0.180279
  129 -38.9725 16.186 0.179139
  130 -38.8899 16.423 0.181762
  131 -38.8072 16.233 0.179659
  132 -38.7246 16.139 0.178618
  133 -38.6419 16.376 0.181241
  134 -38.5592 16.32 0.180622
  135 -38.4766 16.148 0.178718
  136 -38.3939 16.135 0.178574
  137 -38.3113 16.351 0.180965
  138 -38.2286 16.372 0.181197
  139 -38.146 16.417 0.181695
  140 -38.0633 16.331 0.180743
  141 -37.9806 16.482 0.182415
  142 -37.898 16.579 0.183488
  143 -37.8153 16.526 0.182902
  144 -37.7327 16.48 0.182392
  145 -37.65 16.533 0.182979
  146 -37.5674 16.342 0.180865
  147 -37.4847 16.382 0.181308
  148 -37.4021 16.111 0.178308
  149 -37.3194 16.193 0.179216
  150 -37.2367 16.312 0.180533
  151 -37.1541 16.204 0.179338
  152 -37.0714 16.297 0.180367
  153 -36.9888 16.277 0.180146
  154 -36.9061 16.337 0.18081
  155 -36.8235 16.588 0.183588
  156 -36.7408 16.627 0.184019
  157 -36.6581 16.342 0.180865
  158 -36.5755 16.614 0.183875
  159 -36.4928 16.342 0.180865
  160 -36.4102 16.26 0.179958
  161 -36.3275 16.376 0.181241
  162 -36.2449 16.315 0.180566
  163 -36.1622 16.512 0.182747
  164 -36.0795 16.51 0.182724
  165 -35.9969 16.447 0.182027
  166 -35.9142 16.263 0.179991
  167 -35.8316 16.221 0.179526
  168 -35.7489 16.337 0.18081
  169 -35.6663 16.458 0.182149
  170 -35.5836 16.451 0.182071
  171 -35.501 16.503 0.182647
  172 -35.4183 16.59 0.18361
  173 -35.3356 16.488 0.182481
  174 -35.253 16.837 0.186343
  175 -35.1703 16.706 0.184894
  176 -35.0877 16.55 0.183167
  177 -35.005 16.526 0.182902
  178 -34.9224 16.447 0.182027
  179 -34.8397 16.599 0.183709
  180 -34.757 16.491 0.182514
  181 -34.6744 16.466 0.182237
  182 -34.5917 16.703 0.18486
  183 -34.5091 16.635 0.184108
  184 -34.4264 16.591 0.183621
  185 -34.3438 16.687 0.184683
  186 -34.2611 16.762 0.185513
  187 -34.1784 16.607 0.183798
  188 -34.0958 16.596 0.183676
  189 -34.0131 16.463 0.182204
  190 -33.9305 16.595 0.183665
  191 -33.8478 16.601 0.183732
  192 -33.7652 16.553 0.1832
  193 -33.6825 16.639 0.184152
  194 -33.5999 16.402 0.181529
  195 -33.5172 16.586 0.183566
  196 -33.4345 16.499 0.182603
  197 -33.3519 16.546 0.183123
  198 -33.2692 16.452 0.182083
  199 -33.1866 16.73 0.185159
  200 -33.1039 16.697 0.184794
  201 -33.0213 16.549 0.183156
  202 -32.9386 16.508 0.182702
  203 -32.8559 16.961 0.187716
  204 -32.7733 16.814 0.186089
  205 -32.6906 16.567 0.183355
  206 -32.608 16.679 0.184595
  207 -32.5253 16.643 0.184196
  208 -32.4427 16.657 0.184351
  209 -32.36 16.816 0.186111
  210 -32.2773 16.526 0.182902
  211 -32.1947 16.747 0.185347
  212 -32.112 16.737 0.185237
  213 -32.0294 16.643 0.184196
  214 -31.9467 16.76 0.185491
  215 -31.8641 16.708 0.184916
  216 -31.7814 16.728 0.185137
  217 -31.6988 17.026 0.188435
  218 -31.6161 16.917 0.187229
  219 -31.5334 16.607 0.183798
  220 -31.4508 16.85 0.186487
  221 -31.3681 16.733 0.185192
  222 -31.2855 17 0.188147
  223 -31.2028 16.863 0.186631
  224 -31.1202 16.835 0.186321
  225 -31.0375 16.93 0.187373
  226 -30.9548 17.087 0.18911
  227 -30.8722 16.645 0.184219
  228 -30.7895 16.788 0.185801
  229 -30.7069 16.784 0.185757
  230 -30.6242 16.831 0.186277
  231 -30.5416 16.849 0.186476
  232 -30.4589 16.742 0.185292
  233 -30.3763 16.802 0.185956
  234 -30.2936 16.762 0.185513
  235 -30.2109 16.974 0.18786
  236 -30.1283 16.84 0.186377
  237 -30.0456 16.883 0.186853
  238 -29.963 16.783 0.185746
  239 -29.8803 16.769 0.185591
  240 -29.7977 16.596 0.183676
  241 -29.715 16.672 0.184517
  242 -29.6323 16.701 0.184838
  243 -29.5497 16.587 0.183577
  244 -29.467 16.841 0.186388
  245 -29.3844 16.584 0.183543
  246 -29.3017 16.753 0.185414
  247 -29.2191 16.799 0.185923
  248 -29.1364 16.978 0.187904
  249 -29.0537 16.733 0.185192
  250 -28.9711 16.679 0.184595
  251 -28.8884 16.993 0.18807
  252 -28.8058 16.998 0.188125
  253 -28.7231 17.102 0.189276
  254 -28.6405 16.842 0.186399
  255 -28.5578 17.109 0.189354
  256 -28.4752 16.936 0.187439
  257 -28.3925 17.067 0.188889
  258 -28.3098 17.047 0.188668
  259 -28.2272 17.107 0.189332
  260 -28.1445 16.941 0.187495
  261 -28.0619 16.937 0.18745
  262 -27.9792 16.921 0.187273
  263 -27.8966 17.097 0.189221
  264 -27.8139 16.988 0.188015
  265 -27.7312 16.985 0.187981
  266 -27.6486 16.823 0.186189
  267 -27.5659 16.86 0.186598
  268 -27.4833 16.814 0.186089
  269 -27.4006 16.987 0.188004
  270 -27.318 17.04 0.18859
  271 -27.2353 17.22 0.190582
  272 -27.1526 17.194 0.190295
  273 -27.07 17.276 0.191202
  274 -26.9873 17.234 0.190737
  275 -26.9047 16.999 0.188136
  276 -26.822 16.864 0.186642
  277 -26.7394 17.074 0.188966
  278 -26.6567 17.163 0.189952
  279 -26.5741 17.016 0.188325
  280 -26.4914 17.293 0.19139
  281 -26.4087 17.219 0.190571
  282 -26.3261 16.949 0.187583
  283 -26.2434 16.724 0.185093
  284 -26.1608 17.001 0.188159
  285 -26.0781 17.072 0.188944
  286 -25.9955 17.157 0.189885
  287 -25.9128 16.967 0.187782
  288 -25.8301 17.054 0.188745
  289 -25.7475 16.927 0.18734
  290 -25.6648 16.84 0.186377
  291 -25.5822 16.827 0.186233
  292 -25.4995 17.044 0.188634
  293 -25.4169 16.971 0.187827
  294 -25.3342 17.031 0.188491
  295 -25.2516 16.774 0.185646
  296 -25.1689 16.977 0.187893
  297 -25.0862 16.809 0.186034
  298 -25.0036 16.762 0.185513
  299 -24.9209 16.93 0.187373
  300 -24.8383 16.815 0.1861
  301 -24.7556 16.828 0.186244
  302 -24.673 16.772 0.185624
  303 -24.5903 17.113 0.189398
  304 -24.5076 16.86 0.186598
  305 -24.425 17.129 0.189575
  306 -24.3423 16.946 0.18755
  307 -24.2597 16.88 0.186819
  308 -24.177 16.679 0.184595
  309 -24.0944 16.651 0.184285
  310 -24.0117 16.623 0.183975
  311 -23.929 16.738 0.185248
  312 -23.8464 16.638 0.184141
  313 -23.7637 16.672 0.184517
  314 -23.6811 16.707 0.184905
  315 -23.5984 16.448 0.182038
  316 -23.5158 16.767 0.185569
  317 -23.4331 16.785 0.185768
  318 -23.3505 16.677 0.184573
  319 -23.2678 16.903 0.187074
  320 -23.1851 16.777 0.185679
  321 -23.1025 16.689 0.184706
  322 -23.0198 16.737 0.185237
  323 -22.9372 16.665 0.18444
  324 -22.8545 16.682 0.184628
  325 -22.7719 16.706 0.184894
  326 -22.6892 16.891 0.186941
  327 -22.6065 16.791 0.185834
  328 -22.5239 16.751 0.185392
  329 -22.4412 16.565 0.183333
  330 -22.3586 16.884 0.186864
  331 -22.2759 16.631 0.184064
  332 -22.1933 16.657 0.184351
  333 -22.1106 16.582 0.183521
  334 -22.0279 16.816 0.186111
  335 -21.9453 16.557 0.183245
  336 -21.8626 16.769 0.185591
  337 -21.78 16.877 0.186786
  338 -21.6973 16.621 0.183953
  339 -21.6147 16.773 0.185635
  340 -21.532 16.75 0.185381
  341 -21.4494 16.775 0.185657
  342 -21.3667 16.871 0.18672
  343 -21.284 16.806 0.186
  344 -21.2014 17.055 0.188756
  345 -21.1187 16.863 0.186631
  346 -21.0361 16.988 0.188015
  347 -20.9534 16.663 0.184418
  348 -20.8708 16.777 0.185679
  349 -20.7881 17.049 0.18869
  350 -20.7054 16.641 0.184174
  351 -20.6228 16.897 0.187008
  352 -20.5401 16.564 0.183322
  353 -20.4575 16.745 0.185325
  354 -20.3748 16.488 0.182481
  355 -20.2922 16.576 0.183455
  356 -20.2095 16.823 0.186189
  357 -20.1268 16.844 0.186421
  358 -20.0442 16.896 0.186996
  359 -19.9615 16.585 0.183554
  360 -19.8789 16.688 0.184694
  361 -19.7962 16.471 0.182293
  362 -19.7136 16.782 0.185735
  363 -19.6309 16.679 0.184595
  364 -19.5483 16.759 0.18548
  365 -19.4656 16.774 0.185646
  366 -19.3829 16.701 0.184838
  367 -19.3003 16.676 0.184562
  368 -19.2176 16.689 0.184706
  369 -19.135 16.554 0.183211
  370 -19.0523 16.999 0.188136
  371 -18.9697 16.731 0.18517
  372 -18.887 16.6 0.18372
  373 -18.8043 16.786 0.185779
  374 -18.7217 16.642 0.184185
  375 -18.639 16.77 0.185602
  376 -18.5564 16.523 0.182868
  377 -18.4737 16.768 0.18558
  378 -18.3911 16.718 0.185026
  379 -18.3084 16.746 0.185336
  380 -18.2258 16.843 0.18641
  381 -18.1431 16.691 0.184728
  382 -18.0604 16.567 0.183355
  383 -17.9778 16.503 0.182647
  384 -17.8951 16.537 0.183023
  385 -17.8125 16.578 0.183477
  386 -17.7298 16.453 0.182094
  387 -17.6472 16.842 0.186399
  388 -17.5645 16.674 0.184539
  389 -17.4818 16.824 0.1862
  390 -17.3992 16.618 0.18392
  391 -17.3165 16.465 0.182226
  392 -17.2339 16.523 0.182868
  393 -17.1512 16.429 0.181828
  394 -17.0686 16.57 0.183388
  395 -16.9859 16.614 0.183875
  396 -16.9032 16.517 0.182802
  397 -16.8206 16.589 0.183599
  398 -16.7379 16.653 0.184307
  399 -16.6553 16.513 0.182758
  400 -16.5726 16.741 0.185281
  401 -16.49 16.581 0.18351
  402 -16.4073 16.787 0.18579
  403 -16.3247 16.654 0.184318
  404 -16.242 16.58 0.183499
  405 -16.1593 16.659 0.184373
  406 -16.0767 16.73 0.185159
  407 -15.994 16.684 0.18465
  408 -15.9114 16.564 0.183322
  409 -15.8287 16.7 0.184827
  410 -15.7461 16.565 0.183333
  411 -15.6634 16.815 0.1861
  412 -15.5807 16.793 0.185857
  413 -15.4981 16.494 0.182547
  414 -15.4154 16.666 0.184451
  415 -15.3328 16.604 0.183765
  416 -15.2501 16.578 0.183477
  417 -15.1675 16.683 0.184639
  418 -15.0848 16.791 0.185834
  419 -15.0021 16.696 0.184783
  420 -14.9195 16.804 0.185978
  421 -14.8368 16.832 0.186288
  422 -14.7542 16.821 0.186166
  423 -14.6715 16.717 0.185015
  424 -14.5889 16.863 0.186631
  425 -14.5062 16.614 0.183875
  426 -14.4236 16.63 0.184053
  427 -14.3409 16.78 0.185713
  428 -14.2582 16.74 0.18527
  429 -14.1756 16.753 0.185414
  430 -14.0929 16.687 0.184683
  431 -14.0103 16.894 0.186974
  432 -13.9276 16.791 0.185834
  433 -13.845 17.011 0.188269
  434 -13.7623 16.792 0.185845
  435 -13.6796 16.803 0.185967
  436 -13.597 16.824 0.1862
  437 -13.5143 16.787 0.18579
  438 -13.4317 16.98 0.187926
  439 -13.349 17.029 0.188468
  440 -13.2664 16.912 0.187174
  441 -13.1837 16.747 0.185347
  442 -13.101 16.941 0.187495
  443 -13.0184 17.127 0.189553
  444 -12.9357 17.043 0.188623
  445 -12.8531 17.099 0.189243
  446 -12.7704 16.85 0.186487
  447 -12.6878 17.062 0.188834
  448 -12.6051 16.818 0.186133
  449 -12.5225 17.018 0.188347
  450 -12.4398 16.889 0.186919
  451 -12.3571 16.793 0.185857
  452 -12.2745 16.937 0.18745
  453 -12.1918 16.763 0.185525
  454 -12.1092 17.086 0.189099
  455 -12.0265 16.673 0.184528
  456 -11.9439 16.707 0.184905
  457 -11.8612 17.024 0.188413
  458 -11.7785 16.793 0.185857
  459 -11.6959 16.705 0.184883
  460 -11.6132 16.819 0.186144
  461 -11.5306 16.613 0.183864
  462 -11.4479 16.46 0.182171
  463 -11.3653 17.045 0.188646
  464 -11.2826 16.964 0.187749
  465 -11.2 16.479 0.182381
  466 -11.1173 16.849 0.186476
  467 -11.0346 16.804 0.185978
  468 -10.952 16.638 0.184141
  469 -10.8693 16.842 0.186399
  470 -10.7867 17.006 0.188214
  471 -10.704 17.098 0.189232
  472 -10.6214 16.873 0.186742
  473 -10.5387 16.913 0.187185
  474 -10.456 16.869 0.186698
  475 -10.3734 17.073 0.188955
  476 -10.2907 16.878 0.186797
  477 -10.2081 16.755 0.185436
  478 -10.1254 16.917 0.187229
  479 -10.0428 16.833 0.186299
  480 -9.9601 17.021 0.18838
  481 -9.87745 16.984 0.18797
  482 -9.79479 17.027 0.188446
  483 -9.71213 16.884 0.186864
  484 -9.62948 17.138 0.189675
  485 -9.54682 16.836 0.186332
  486 -9.46417 16.909 0.18714
  487 -9.38151 16.897 0.187008
  488 -9.29885 16.999 0.188136
  489 -9.2162 16.962 0.187727
  490 -9.13354 16.569 0.183377
  491 -9.05088 16.891 0.186941
  492 -8.96823 16.784 0.185757
  493 -8.88557 17.022 0.188391
  494 -8.80291 16.882 0.186842
  495 -8.72026 17.043 0.188623
  496 -8.6376 16.943 0.187517
  497 -8.55494 17.066 0.188878
  498 -8.47229 16.76 0.185491
  499 -8.38963 16.894 0.186974
  500 -8.30697 16.842 0.186399
  501 -8.22432 16.716 0.185004
  502 -8.14166 16.679 0.184595
  503 -8.05901 16.755 0.185436
  504 -7.97635 16.803 0.185967
  505 -7.89369 16.726 0.185115
  506 -7.81104 16.761 0.185502
  507 -7.72838 16.716 0.185004
  508 -7.64572 16.62 0.183942
  509 -7.56307 16.711 0.184949
  510 -7.48041 16.523 0.182868
  511 -7.39775 16.688 0.184694
  512 -7.3151 16.455 0.182116
  513 -7.23244 16.578 0.183477
  514 -7.14978 16.878 0.186797
  515 -7.06713 16.473 0.182315
  516 -6.98447 16.614 0.183875
  517 -6.90181 16.703 0.18486
  518 -6.81916 16.668 0.184473
  519 -6.7365 16.719 0.185038
  520 -6.65385 16.729 0.185148
  521 -6.57119 16.771 0.185613
  522 -6.48853 16.517 0.182802
  523 -6.40588 16.835 0.186321
  524 -6.32322 16.716 0.185004
  525 -6.24056 16.727 0.185126
  526 -6.15791 16.822 0.186177
  527 -6.07525 16.623 0.183975
  528 -5.99259 16.641 0.184174
  529 -5.90994 16.619 0.183931
  530 -5.82728 16.653 0.184307
  531 -5.74462 16.676 0.184562
  532 -5.66197 16.816 0.186111
  533 -5.57931 16.852 0.18651
  534 -5.49665 16.536 0.183012
  535 -5.414 16.92 0.187262
  536 -5.33134 16.675 0.184551
  537 -5.24869 16.592 0.183632
  538 -5.16603 16.929 0.187362
  539 -5.08337 16.835 0.186321
  540 -5.00072 16.825 0.186211
  541 -4.91806 16.618 0.18392
  542 -4.8354 16.702 0.184849
  543 -4.75275 16.762 0.185513
  544 -4.67009 16.923 0.187295
  545 -4.58743 16.644 0.184207
  546 -4.50478 16.927 0.18734
  547 -4.42212 16.78 0.185713
  548 -4.33946 16.747 0.185347
  549 -4.25681 16.671 0.184506
  550 -4.17415 16.918 0.18724
  551 -4.0915 16.769 0.185591
  552 -4.00884 17.271 0.191147
  553 -3.92618 16.953 0.187627
  554 -3.84353 16.917 0.187229
  555 -3.76087 16.951 0.187605
  556 -3.67821 16.833 0.186299
  557 -3.59556 16.87 0.186709
  558 -3.5129 16.988 0.188015
  559 -3.43024 16.896 0.186996
  560 -3.34759 16.83 0.186266
  561 -3.26493 16.885 0.186875
  562 -3.18227 16.773 0.185635
  563 -3.09962 16.866 0.186664
  564 -3.01696 16.963 0.187738
  565 -2.9343 16.849 0.186476
  566 -2.85165 16.69 0.184717
  567 -2.76899 17.122 0.189498
  568 -2.68634 16.679 0.184595
  569 -2.60368 16.533 0.182979
  570 -2.52102 16.674 0.184539
  571 -2.43837 16.473 0.182315
  572 -2.35571 16.523 0.182868
  573 -2.27305 16.886 0.186886
  574 -2.1904 16.524 0.182879
  575 -2.10774 16.878 0.186797
  576 -2.02508 16.724 0.185093
  577 -1.94243 16.957 0.187672
  578 -1.85977 16.927 0.18734
  579 -1.77711 16.661 0.184396
  580 -1.69446 16.776 0.185668
  581 -1.6118 16.63 0.184053
  582 -1.52914 16.702 0.184849
  583 -1.44649 16.724 0.185093
  584 -1.36383 16.711 0.184949
  585 -1.28118 16.678 0.184584
  586 -1.19852 16.824 0.1862
  587 -1.11586 16.946 0.18755
  588 -1.03321 16.853 0.186521
  589 -0.950549 16.758 0.185469
  590 -0.867893 16.988 0.188015
  591 -0.785236 16.711 0.184949
  592 -0.70258 16.873 0.186742
  593 -0.619923 16.825 0.186211
  594 -0.537267 17.03 0.18848
  595 -0.454611 16.735 0.185215
  596 -0.371954 16.919 0.187251
  597 -0.289298 16.952 0.187616
  598 -0.206641 16.84 0.186377
  599 -0.123985 16.771 0.185613
  600 -0.0413282 16.84 0.186377
  601 0.0413282 16.988 0.188015
  602 0.123985 16.494 0.182547
  603 0.206641 16.773 0.185635
  604 0.289298 16.767 0.185569
  605 0.371954 16.716 0.185004
  606 0.454611 16.536 0.183012
  607 0.537267 16.831 0.186277
  608 0.619923 16.856 0.186554
  609 0.70258 16.844 0.186421
  610 0.785236 16.935 0.187428
  611 0.867893 16.752 0.185403
  612 0.950549 16.844 0.186421
  613 1.03321 17.033 0.188513
  614 1.11586 16.663 0.184418
  615 1.19852 17.285 0.191302
  616 1.28118 16.912 0.187174
  617 1.36383 16.951 0.187605
  618 1.44649 17.104 0.189299
  619 1.52914 16.92 0.187262
  620 1.6118 17.035 0.188535
  621 1.69446 17.051 0.188712
  622 1.77711 17.055 0.188756
  623 1.85977 16.983 0.187959
  624 1.94243 16.751 0.185392
  625 2.02508 16.908 0.187129
  626 2.10774 16.88 0.186819
  627 2.1904 17.078 0.189011
  628 2.27305 16.944 0.187528
  629 2.35571 16.916 0.187218
  630 2.43837 16.839 0.186366
  631 2.52102 16.959 0.187694
  632 2.60368 16.859 0.186587
  633 2.68634 17.018 0.188347
  634 2.76899 16.907 0.187118
  635 2.85165 16.957 0.187672
  636 2.9343 16.949 0.187583
  637 3.01696 17.019 0.188358
  638 3.09962 17.087 0.18911
  639 3.18227 17.198 0.190339
  640 3.26493 16.753 0.185414
  641 3.34759 16.98 0.187926
  642 3.43024 16.801 0.185945
  643 3.5129 16.983 0.187959
  644 3.59556 16.823 0.186189
  645 3.67821 16.914 0.187196
  646 3.76087 17.072 0.188944
  647 3.84353 16.802 0.185956
  648 3.92618 16.975 0.187871
  649 4.00884 17.281 0.191257
  650 4.0915 17.047 0.188668
  651 4.17415 16.905 0.187096
  652 4.25681 17.005 0.188203
  653 4.33946 16.85 0.186487
  654 4.42212 17.093 0.189177
  655 4.50478 16.925 0.187317
  656 4.58743 17.012 0.18828
  657 4.67009 16.971 0.187827
  658 4.75275 16.905 0.187096
  659 4.8354 16.755 0.185436
  660 4.91806 16.852 0.18651
  661 5.00072 16.712 0.18496
  662 5.08337 16.61 0.183831
  663 5.16603 17.041 0.188601
  664 5.24869 16.745 0.185325
  665 5.33134 16.606 0.183787
  666 5.414 16.882 0.186842
  667 5.49665 16.958 0.187683
  668 5.57931 17.187 0.190217
  669 5.66197 17.001 0.188159
  670 5.74462 17.042 0.188612
  671 5.82728 17.115 0.18942
  672 5.90994 16.866 0.186664
  673 5.99259 16.949 0.187583
  674 6.07525 16.927 0.18734
  675 6.15791 16.752 0.185403
  676 6.24056 16.874 0.186753
  677 6.32322 16.773 0.185635
  678 6.40588 17.056 0.188767
  679 6.48853 16.985 0.187981
  680 6.57119 16.634 0.184097
  681 6.65385 16.864 0.186642
  682 6.7365 17.07 0.188922
  683 6.81916 16.864 0.186642
  684 6.90181 16.765 0.185547
  685 6.98447 16.909 0.18714
  686 7.06713 16.984 0.18797
  687 7.14978 16.622 0.183964
  688 7.23244 16.518 0.182813
  689 7.3151 16.653 0.184307
  690 7.39775 16.823 0.186189
  691 7.48041 16.708 0.184916
  692 7.56307 16.824 0.1862
  693 7.64572 16.803 0.185967
  694 7.72838 16.398 0.181485
  695 7.81104 16.671 0.184506
  696 7.89369 16.587 0.183577
  697 7.97635 16.48 0.182392
  698 8.05901 16.659 0.184373
  699 8.14166 16.477 0.182359
  700 8.22432 16.595 0.183665
  701 8.30697 16.63 0.184053
  702 8.38963 16.528 0.182924
  703 8.47229 16.672 0.184517
  704 8.55494 16.726 0.185115
  705 8.6376 16.648 0.184252
  706 8.72026 16.671 0.184506
  707 8.80291 16.801 0.185945
  708 8.88557 16.642 0.184185
  709 8.96823 16.761 0.185502
  710 9.05088 16.827 0.186233
  711 9.13354 16.782 0.185735
  712 9.2162 16.871 0.18672
  713 9.29885 16.813 0.186078
  714 9.38151 16.57 0.183388
  715 9.46417 16.747 0.185347
  716 9.54682 16.707 0.184905
  717 9.62948 16.758 0.185469
  718 9.71213 16.799 0.185923
  719 9.79479 16.899 0.18703
  720 9.87745 16.861 0.186609
  721 9.9601 16.904 0.187085
  722 10.0428 17.033 0.188513
  723 10.1254 16.936 0.187439
  724 10.2081 16.711 0.184949
  725 10.2907 16.993 0.18807
  726 10.3734 16.606 0.183787
  727 10.456 17.053 0.188734
  728 10.5387 16.956 0.187661
  729 10.6214 16.908 0.187129
  730 10.704 17.068 0.1889
  731 10.7867 16.894 0.186974
  732 10.8693 16.989 0.188026
  733 10.952 16.922 0.187284
  734 11.0346 16.868 0.186687
  735 11.1173 16.795 0.185879
  736 11.2 16.926 0.187329
  737 11.2826 16.955 0.187649
  738 11.3653 16.804 0.185978
  739 11.4479 17.095 0.189199
  740 11.5306 17 0.188147
  741 11.6132 17.063 0.188845
  742 11.6959 16.974 0.18786
  743 11.7785 16.745 0.185325
  744 11.8612 17.17 0.190029
  745 11.9439 17.032 0.188502
  746 12.0265 16.852 0.18651
  747 12.1092 16.876 0.186775
  748 12.1918 16.985 0.187981
  749 12.2745 16.763 0.185525
  750 12.3571 17.123 0.189509
  751 12.4398 16.811 0.186056
  752 12.5225 16.866 0.186664
  753 12.6051 16.853 0.186521
  754 12.6878 16.886 0.186886
  755 12.7704 16.956 0.187661
  756 12.8531 17.019 0.188358
  757 12.9357 16.813 0.186078
  758 13.0184 16.798 0.185912
  759 13.101 16.929 0.187362
  760 13.1837 16.817 0.186122
  761 13.2664 16.658 0.184362
  762 13.349 16.892 0.186952
  763 13.4317 16.957 0.187672
  764 13.5143 16.753 0.185414
  765 13.597 16.703 0.18486
  766 13.6796 16.966 0.187771
  767 13.7623 16.828 0.186244
  768 13.845 16.752 0.185403
  769 13.9276 16.962 0.187727
  770 14.0103 16.897 0.187008
  771 14.0929 17.023 0.188402
  772 14.1756 16.695 0.184772
  773 14.2582 16.877 0.186786
  774 14.3409 16.77 0.185602
  775 14.4236 16.804 0.185978
  776 14.5062 16.857 0.186565
  777 14.5889 16.869 0.186698
  778 14.6715 16.922 0.187284
  779 14.7542 16.736 0.185226
  780 14.8368 16.976 0.187882
  781 14.9195 17.079 0.189022
  782 15.0021 16.606 0.183787
  783 15.0848 16.689 0.184706
  784 15.1675 16.78 0.185713
  785 15.2501 16.759 0.18548
  786 15.3328 17.003 0.188181
  787 15.4154 16.969 0.187804
  788 15.4981 16.853 0.186521
  789 15.5807 16.991 0.188048
  790 15.6634 16.903 0.187074
  791 15.7461 17.011 0.188269
  792 15.8287 16.914 0.187196
  793 15.9114 17.012 0.18828
  794 15.994 17.107 0.189332
  795 16.0767 16.829 0.186255
  796 16.1593 16.594 0.183654
  797 16.242 16.9 0.187041
  798 16.3247 16.939 0.187472
  799 16.4073 16.897 0.187008
  800 16.49 16.956 0.187661
  801 16.5726 17.083 0.189066
  802 16.6553 16.721 0.18506
  803 16.7379 16.969 0.187804
  804 16.8206 16.966 0.187771
  805 16.9032 16.885 0.186875
  806 16.9859 16.718 0.185026
  807 17.0686 16.627 0.184019
  808 17.1512 16.873 0.186742
  809 17.2339 16.893 0.186963
  810 17.3165 16.95 0.187594
  811 17.3992 16.775 0.185657
  812 17.4818 16.953 0.187627
  813 17.5645 16.789 0.185812
  814 17.6472 16.92 0.187262
  815 17.7298 16.753 0.185414
  816 17.8125 16.898 0.187019
  817 17.8951 17.084 0.189077
  818 17.9778 16.737 0.185237
  819 18.0604 16.916 0.187218
  820 18.1431 16.77 0.185602
  821 18.2258 17.03 0.18848
  822 18.3084 17.066 0.188878
  823 18.3911 16.917 0.187229
  824 18.4737 16.828 0.186244
  825 18.5564 16.97 0.187815
  826 18.639 16.722 0.185071
  827 18.7217 16.902 0.187063
  828 18.8043 16.767 0.185569
  829 18.887 16.845 0.186432
  830 18.9697 17.062 0.188834
  831 19.0523 16.678 0.184584
  832 19.135 16.735 0.185215
  833 19.2176 16.687 0.184683
  834 19.3003 16.896 0.186996
  835 19.3829 16.977 0.187893
  836 19.4656 16.634 0.184097
  837 19.5483 16.829 0.186255
  838 19.6309 17.154 0.189852
  839 19.7136 16.958 0.187683
  840 19.7962 16.742 0.185292
  841 19.8789 16.825 0.186211
  842 19.9615 16.95 0.187594
  843 20.0442 17.016 0.188325
  844 20.1268 16.907 0.187118
  845 20.2095 16.816 0.186111
  846 20.2922 16.886 0.186886
  847 20.3748 16.992 0.188059
  848 20.4575 16.839 0.186366
  849 20.5401 16.718 0.185026
  850 20.6228 16.941 0.187495
  851 20.7054 17.125 0.189531
  852 20.7881 16.691 0.184728
  853 20.8708 16.728 0.185137
  854 20.9534 16.703 0.18486
  855 21.0361 16.829 0.186255
  856 21.1187 16.852 0.18651
  857 21.2014 16.913 0.187185
  858 21.284 16.917 0.187229
  859 21.3667 16.728 0.185137
  860 21.4494 16.803 0.185967
  861 21.532 16.582 0.183521
  862 21.6147 16.938 0.187461
  863 21.6973 16.569 0.183377
  864 21.78 16.607 0.183798
  865 21.8626 17.154 0.189852
  866 21.9453 17.095 0.189199
  867 22.0279 17.042 0.188612
  868 22.1106 17.014 0.188302
  869 22.1933 16.911 0.187162
  870 22.2759 17.121 0.189487
  871 22.3586 17.04 0.18859
  872 22.4412 17.05 0.188701
  873 22.5239 16.944 0.187528
  874 22.6065 16.951 0.187605
  875 22.6892 16.92 0.187262
  876 22.7719 16.905 0.187096
  877 22.8545 16.781 0.185724
  878 22.9372 17.048 0.188679
  879 23.0198 17.134 0.189631
  880 23.1025 16.975 0.187871
  881 23.1851 17.083 0.189066
  882 23.2678 17.055 0.188756
  883 23.3505 16.87 0.186709
  884 23.4331 16.786 0.185779
  885 23.5158 17.082 0.189055
  886 23.5984 17.008 0.188236
  887 23.6811 16.971 0.187827
  888 23.7637 17.003 0.188181
  889 23.8464 16.573 0.183422
  890 23.929 17.177 0.190106
  891 24.0117 16.926 0.187329
  892 24.0944 16.852 0.18651
  893 24.177 17.082 0.189055
  894 24.2597 17.08 0.189033
  895 24.3423 16.961 0.187716
  896 24.425 17.201 0.190372
  897 24.5076 17.022 0.188391
  898 24.5903 16.914 0.187196
  899 24.673 16.809 0.186034
  900 24.7556 16.988 0.188015
  901 24.8383 16.869 0.186698
  902 24.9209 16.961 0.187716
  903 25.0036 16.835 0.186321
  904 25.0862 16.702 0.184849
  905 25.1689 16.859 0.186587
  906 25.2516 16.916 0.187218
  907 25.3342 16.608 0.183809
  908 25.4169 16.953 0.187627
  909 25.4995 16.676 0.184562
  910 25.5822 16.832 0.186288
  911 25.6648 16.672 0.184517
  912 25.7475 16.886 0.186886
  913 25.8301 16.61 0.183831
  914 25.9128 16.675 0.184551
  915 25.9955 16.81 0.186045
  916 26.0781 16.595 0.183665
  917 26.1608 16.947 0.187561
  918 26.2434 16.656 0.18434
  919 26.3261 16.801 0.185945
  920 26.4087 16.842 0.186399
  921 26.4914 16.413 0.181651
  922 26.5741 16.725 0.185104
  923 26.6567 16.851 0.186498
  924 26.7394 16.807 0.186011
  925 26.822 16.75 0.185381
  926 26.9047 16.843 0.18641
  927 26.9873 16.863 0.186631
  928 27.07 16.832 0.186288
  929 27.1526 16.601 0.183732
  930 27.2353 16.658 0.184362
  931 27.318 16.49 0.182503
  932 27.4006 16.73 0.185159
  933 27.4833 16.811 0.186056
  934 27.5659 16.75 0.185381
  935 27.6486 16.685 0.184661
  936 27.7312 16.536 0.183012
  937 27.8139 16.897 0.187008
  938 27.8966 16.603 0.183754
  939 27.9792 16.622 0.183964
  940 28.0619 16.811 0.186056
  941 28.1445 16.94 0.187483
  942 28.2272 16.471 0.182293
  943 28.3098 16.91 0.187151
  944 28.3925 16.771 0.185613
  945 28.4752 16.875 0.186764
  946 28.5578 16.836 0.186332
  947 28.6405 16.928 0.187351
  948 28.7231 16.824 0.1862
  949 28.8058 16.559 0.183267
  950 28.8884 16.59 0.18361
  951 28.9711 16.648 0.184252
  952 29.0537 16.682 0.184628
  953 29.1364 16.897 0.187008
  954 29.2191 16.726 0.185115
  955 29.3017 16.731 0.18517
  956 29.3844 16.758 0.185469
  957 29.467 16.907 0.187118
  958 29.5497 16.771 0.185613
  959 29.6323 16.745 0.185325
  960 29.715 16.689 0.184706
  961 29.7977 16.624 0.183986
  962 29.8803 16.872 0.186731
  963 29.963 16.814 0.186089
  964 30.0456 16.712 0.18496
  965 30.1283 16.809 0.186034
  966 30.2109 16.581 0.18351
  967 30.2936 16.757 0.185458
  968 30.3763 16.571 0.1834
  969 30.4589 16.546 0.183123
  970 30.5416 16.56 0.183278
  971 30.6242 16.72 0.185049
  972 30.7069 16.682 0.184628
  973 30.7895 16.676 0.184562
  974 30.8722 16.636 0.184119
  975 30.9548 16.593 0.183643
  976 31.0375 16.678 0.184584
  977 31.1202 16.932 0.187395
  978 31.2028 16.928 0.187351
  979 31.2855 16.528 0.182924
  980 31.3681 16.665 0.18444
  981 31.4508 16.909 0.18714
  982 31.5334 16.943 0.187517
  983 31.6161 16.905 0.187096
  984 31.6988 16.695 0.184772
  985 31.7814 16.858 0.186576
  986 31.8641 16.694 0.184761
  987 31.9467 16.851 0.186498
  988 32.0294 16.995 0.188092
  989 32.112 16.956 0.187661
  990 32.1947 16.839 0.186366
  991 32.2773 16.839 0.186366
  992 32.36 16.957 0.187672
  993 32.4427 16.806 0.186
  994 32.5253 16.98 0.187926
  995 32.608 16.7 0.184827
  996 32.6906 16.681 0.184617
  997 32.7733 16.74 0.18527
  998 32.8559 16.686 0.184672
  999 32.9386 16.951 0.187605
  1000 33.0213 16.67 0.184495
  1001 33.1039 16.702 0.184849
  1002 33.1866 16.839 0.186366
  1003 33.2692 16.81 0.186045
  1004 33.3519 16.606 0.183787
  1005 33.4345 16.458 0.182149
  1006 33.5172 16.995 0.188092
  1007 33.5999 16.574 0.183433
  1008 33.6825 16.762 0.185513
  1009 33.7652 16.565 0.183333
  1010 33.8478 16.912 0.187174
  1011 33.9305 16.842 0.186399
  1012 34.0131 16.808 0.186023
  1013 34.0958 17.039 0.188579
  1014 34.1784 16.541 0.183068
  1015 34.2611 16.779 0.185702
  1016 34.3438 16.867 0.186676
  1017 34.4264 16.692 0.184739
  1018 34.5091 16.666 0.184451
  1019 34.5917 16.761 0.185502
  1020 34.6744 16.723 0.185082
  1021 34.757 16.583 0.183532
  1022 34.8397 16.581 0.18351
  1023 34.9224 16.643 0.184196
  1024 35.005 16.773 0.185635
  1025 35.0877 16.758 0.185469
  1026 35.1703 16.599 0.183709
  1027 35.253 16.609 0.18382
  1028 35.3356 16.727 0.185126
  1029 35.4183 16.768 0.18558
  1030 35.501 16.621 0.183953
  1031 35.5836 16.643 0.184196
  1032 35.6663 16.66 0.184385
  1033 35.7489 16.518 0.182813
  1034 35.8316 16.574 0.183433
  1035 35.9142 16.851 0.186498
  1036 35.9969 16.7 0.184827
  1037 36.0795 16.674 0.184539
  1038 36.1622 16.872 0.186731
  1039 36.2449 16.64 0.184163
  1040 36.3275 16.793 0.185857
  1041 36.4102 16.66 0.184385
  1042 36.4928 16.695 0.184772
  1043 36.5755 16.881 0.18683
  1044 36.6581 16.758 0.185469
  1045 36.7408 16.64 0.184163
  1046 36.8235 16.611 0.183842
  1047 36.9061 16.649 0.184263
  1048 36.9888 16.412 0.18164
  1049 37.0714 16.571 0.1834
  1050 37.1541 16.606 0.183787
  1051 37.2367 16.479 0.182381
  1052 37.3194 16.465 0.182226
  1053 37.4021 16.356 0.18102
  1054 37.4847 16.556 0.183234
  1055 37.5674 16.218 0.179493
  1056 37.65 16.672 0.184517
  1057 37.7327 16.255 0.179902
  1058 37.8153 16.335 0.180788
  1059 37.898 16.349 0.180943
  1060 37.9806 16.46 0.182171
  1061 38.0633 16.463 0.182204
  1062 38.146 16.448 0.182038
  1063 38.2286 16.403 0.18154
  1064 38.3113 16.291 0.180301
  1065 38.3939 16.442 0.181972
  1066 38.4766 16.461 0.182182
  1067 38.5592 16.665 0.18444
  1068 38.6419 16.343 0.180876
  1069 38.7246 16.186 0.179139
  1070 38.8072 16.374 0.181219
  1071 38.8899 16.298 0.180378
  1072 38.9725 16.513 0.182758
  1073 39.0552 16.279 0.180168
  1074 39.1378 16.375 0.18123
  1075 39.2205 16.397 0.181474
  1076 39.3031 16.575 0.183444
  1077 39.3858 16.311 0.180522
  1078 39.4685 16.5 0.182614
  1079 39.5511 16.287 0.180256
  1080 39.6338 16.524 0.182879
  1081 39.7164 16.351 0.180965
  1082 39.7991 16.448 0.182038
  1083 39.8817 16.675 0.184551
  1084 39.9644 16.365 0.18112
  1085 40.0471 16.259 0.179946
  1086 40.1297 16.489 0.182492
  1087 40.2124 16.586 0.183566
  1088 40.295 16.398 0.181485
  1089 40.3777 16.277 0.180146
  1090 40.4603 16.303 0.180433
  1091 40.543 16.751 0.185392
  1092 40.6257 16.342 0.180865
  1093 40.7083 16.259 0.179946
  1094 40.791 16.338 0.180821
  1095 40.8736 16.515 0.18278
  1096 40.9563 16.586 0.183566
  1097 41.0389 16.376 0.181241
  1098 41.1216 16.591 0.183621
  1099 41.2042 16.836 0.186332
  1100 41.2869 16.46 0.182171
  1101 41.3696 16.325 0.180677
  1102 41.4522 16.433 0.181872
  1103 41.5349 16.617 0.183909
  1104 41.6175 16.409 0.181607
  1105 41.7002 16.486 0.182459
  1106 41.7828 16.548 0.183145
  1107 41.8655 16.594 0.183654
  1108 41.9482 16.693 0.18475
  1109 42.0308 16.743 0.185303
  1110 42.1135 16.235 0.179681
  1111 42.1961 16.621 0.183953
  1112 42.2788 16.504 0.182658
  1113 42.3614 16.445 0.182005
  1114 42.4441 16.617 0.183909
  1115 42.5268 16.531 0.182957
  1116 42.6094 16.649 0.184263
  1117 42.6921 16.542 0.183079
  1118 42.7747 16.421 0.181739
  1119 42.8574 16.8 0.185934
  1120 42.94 16.439 0.181939
  1121 43.0227 16.437 0.181916
  1122 43.1053 16.574 0.183433
  1123 43.188 16.398 0.181485
  1124 43.2707 16.485 0.182448
  1125 43.3533 16.582 0.183521
  1126 43.436 16.653 0.184307
  1127 43.5186 16.432 0.181861
  1128 43.6013 16.461 0.182182
  1129 43.6839 16.569 0.183377
  1130 43.7666 16.702 0.184849
  1131 43.8493 16.257 0.179924
  1132 43.9319 16.698 0.184805
  1133 44.0146 16.269 0.180057
  1134 44.0972 16.434 0.181883
  1135 44.1799 16.265 0.180013
  1136 44.2625 16.269 0.180057
  1137 44.3452 16.511 0.182735
  1138 44.4279 16.362 0.181086
  1139 44.5105 16.202 0.179316
  1140 44.5932 16.367 0.181142
  1141 44.6758 16.257 0.179924
  1142 44.7585 16.284 0.180223
  1143 44.8411 16.117 0.178375
  1144 44.9238 16.251 0.179858
  1145 45.0064 16.195 0.179238
  1146 45.0891 16.012 0.177213
  1147 45.1718 16.256 0.179913
  1148 45.2544 16.295 0.180345
  1149 45.3371 16.215 0.17946
  1150 45.4197 16.052 0.177656
  1151 45.5024 16.302 0.180422
  1152 45.585 16.009 0.17718
  1153 45.6677 16.15 0.17874
  1154 45.7504 16.144 0.178674
  1155 45.833 15.97 0.176748
  1156 45.9157 16.05 0.177633
  1157 45.9983 16.09 0.178076
  1158 46.081 16.225 0.17957
  1159 46.1636 16.223 0.179548
  1160 46.2463 16.063 0.177777
  1161 46.3289 16.331 0.180743
  1162 46.4116 16.103 0.17822
  1163 46.4943 16.434 0.181883
  1164 46.5769 16.144 0.178674
  1165 46.6596 16.196 0.179249
  1166 46.7422 16.275 0.180124
  1167 46.8249 16.242 0.179758
  1168 46.9075 16.271 0.180079
  1169 46.9902 15.984 0.176903
  1170 47.0729 16.321 0.180633
  1171 47.1555 16.287 0.180256
  1172 47.2382 16.168 0.178939
  1173 47.3208 16.26 0.179958
  1174 47.4035 16.049 0.177622
  1175 47.4861 16.116 0.178364
  1176 47.5688 16.4 0.181507
  1177 47.6515 16.278 0.180157
  1178 47.7341 16.159 0.17884
  1179 47.8168 16.076 0.177921
  1180 47.8994 16.165 0.178906
  1181 47.9821 16.223 0.179548
  1182 48.0647 16.172 0.178984
  1183 48.1474 16.086 0.178032
  1184 48.23 16.076 0.177921
  1185 48.3127 16.079 0.177954
  1186 48.3954 16.13 0.178519
  1187 48.478 16.079 0.177954
  1188 48.5607 16.308 0.180489
  1189 48.6433 16.296 0.180356
  1190 48.726 16.464 0.182215
  1191 48.8086 16.343 0.180876
  1192 48.8913 15.979 0.176848
  1193 48.974 15.951 0.176538
  1194 49.0566 16.155 0.178795
  1195 49.1393 16.177 0.179039
  1196 49.2219 16.261 0.179969
  1197 49.3046 15.965 0.176693
  1198 49.3872 16.184 0.179116
  1199 49.4699 16.112 0.17832
  1200 49.5526 16.021 0.177312
5000000 1200 20000
  1 -49.5526 16.462 0.182193
  2 -49.4699 16.242 0.179758
  3 -49.3872 16.509 0.182713
  4 -49.3046 16.506 0.18268
  5 -49.2219 16.676 0.184562
  6 -49.1393 16.573 0.183422
  7 -49.0566 16.437 0.181916
  8 -48.974 16.654 0.184318
  9 -48.8913 16.788 0.185801
  10 -48.8086 16.266 0.180024
  11 -48.726 16.469 0.182271
  12 -48.6433 16.562 0.1833
  13 -48.5607 16.595 0.183665
  14 -48.478 16.774 0.185646
  15 -48.3954 16.524 0.182879
  16 -48.3127 16.552 0.183189
  17 -48.23 16.618 0.18392
  18 -48.1474 16.521 0.182846
  19 -48.0647 16.792 0.185845
  20 -47.9821 16.896 0.186996
  21 -47.8994 16.884 0.186864
  22 -47.8168 16.573 0.183422
  23 -47.7341 16.802 0.185956
  24 -47.6515 16.757 0.185458
  25 -47.5688 16.735 0.185215
  26 -47.4861 16.831 0.186277
  27 -47.4035 16.614 0.183875
  28 -47.3208 16.731 0.18517
  29 -47.2382 16.798 0.185912
  30 -47.1555 16.679 0.184595
  31 -47.0729 16.665 0.18444
  32 -46.9902 16.491 0.182514
  33 -46.9075 16.539 0.183045
  34 -46.8249 16.377 0.181252
  35 -46.7422 16.72 0.185049
  36 -46.6596 16.565 0.183333
  37 -46.5769 16.603 0.183754
  38 -46.4943 16.633 0.184086
  39 -46.4116 16.619 0.183931
  40 -46.3289 16.43 0.181839
  41 -46.2463 16.538 0.183034
  42 -46.1636 16.715 0.184993
  43 -46.081 16.571 0.1834
  44 -45.9983 16.337 0.18081
  45 -45.9157 16.362 0.181086
  46 -45.833 16.571 0.1834
  47 -45.7504 16.715 0.184993
  48 -45.6677 16.798 0.185912
  49 -45.585 16.621 0.183953
  50 -45.5024 16.728 0.185137
  51 -45.4197 16.627 0.184019
  52 -45.3371 16.462 0.182193
  53 -45.2544 16.599 0.183709
  54 -45.1718 16.639 0.184152
  55 -45.0891 16.816 0.186111
  56 -45.0064 16.559 0.183267
  57 -44.9238 16.697 0.184794
  58 -44.8411 16.78 0.185713
  59 -44.7585 16.636 0.184119
  60 -44.6758 16.731 0.18517
  61 -44.5932 16.466 0.182237
  62 -44.5105 16.796 0.18589
  63 -44.4279 16.539 0.183045
  64 -44.3452 16.335 0.180788
  65 -44.2625 16.733 0.185192
  66 -44.1799 16.63 0.184053
  67 -44.0972 16.741 0.185281
  68 -44.0146 16.49 0.182503
  69 -43.9319 16.493 0.182536
  70 -43.8493 16.727 0.185126
  71 -43.7666 16.502 0.182636
  72 -43.6839 16.692 0.184739
  73 -43.6013 16.713 0.184971
  74 -43.5186 16.508 0.182702
  75 -43.436 16.586 0.183566
  76 -43.3533 16.579 0.183488
  77 -43.2707 16.809 0.186034
  78 -43.188 16.535 0.183001
  79 -43.1053 16.622 0.183964
  80 -43.0227 16.536 0.183012
  81 -42.94 16.654 0.184318
  82 -42.8574 16.601 0.183732
  83 -42.7747 16.616 0.183898
  84 -42.6921 16.607 0.183798
  85 -42.6094 16.538 0.183034
  86 -42.5268 16.453 0.182094
  87 -42.4441 16.278 0.180157
  88 -42.3614 16.718 0.185026
  89 -42.2788 16.366 0.181131
  90 -42.1961 16.687 0.184683
  91 -42.1135 16.652 0.184296
  92 -42.0308 16.624 0.183986
  93 -41.9482 16.469 0.182271
  94 -41.8655 16.297 0.180367
  95 -41.7828 16.376 0.181241
  96 -41.7002 16.58 0.183499
  97 -41.6175 16.61 0.183831
  98 -41.5349 16.409 0.181607
  99 -41.4522 16.414 0.181662
  100 -41.3696 16.655 0.184329
  101 -41.2869 16.596 0.183676
  102 -41.2042 16.499 0.182603
  103 -41.1216 16.595 0.183665
  104 -41.0389 16.842 0.186399
  105 -40.9563 16.86 0.186598
  106 -40.8736 16.811 0.186056
  107 -40.791 16.628 0.18403
  108 -40.7083 17.053 0.188734
  109 -40.6257 16.656 0.18434
  110 -40.543 16.83 0.186266
  111 -40.4603 16.833 0.186299
  112 -40.3777 16.891 0.186941
  113 -40.295 16.936 0.187439
  114 -40.2124 16.855 0.186543
  115 -40.1297 16.874 0.186753
  116 -40.0471 16.909 0.18714
  117 -39.9644 16.858 0.186576
  118 -39.8817 16.755 0.185436
  119 -39.7991 16.478 0.18237
  120 -39.7164 16.829 0.186255
  121 -39.6338 17.089 0.189133
  122 -39.5511 16.883 0.186853
  123 -39.4685 16.655 0.184329
  124 -39.3858 16.891 0.186941
  125 -39.3031 16.897 0.187008
  126 -39.2205 16.903 0.187074
  127 -39.1378 16.812 0.186067
  128 -39.0552 16.85 0.186487
  129 -38.9725 16.79 0.185823
  130 -38.8899 16.69 0.184717
  131 -38.8072 16.858 0.186576
  132 -38.7246 16.834 0.18631
  133 -38.6419 16.713 0.184971
  134 -38.5592 16.584 0.183543
  135 -38.4766 16.968 0.187793
  136 -38.3939 16.676 0.184562
  137 -38.3113 16.797 0.185901
  138 -38.2286 16.976 0.187882
  139 -38.146 16.656 0.18434
  140 -38.0633 16.667 0.184462
  141 -37.9806 16.791 0.185834
  142 -37.898 16.794 0.185868
  143 -37.8153 16.729 0.185148
  144 -37.7327 16.883 0.186853
  145 -37.65 16.734 0.185204
  146 -37.5674 16.901 0.187052
  147 -37.4847 16.72 0.185049
  148 -37.4021 16.637 0.18413
  149 -37.3194 16.671 0.184506
  150 -37.2367 16.501 0.182625
  151 -37.1541 16.608 0.183809
  152 -37.0714 16.834 0.18631
  153 -36.9888 16.758 0.185469
  154 -36.9061 16.761 0.185502
  155 -36.8235 16.688 0.184694
  156 -36.7408 16.807 0.186011
  157 -36.6581 16.785 0.185768
  158 -36.5755 16.972 0.187838
  159 -36.4928 17.008 0.188236
  160 -36.4102 16.894 0.186974
  161 -36.3275 16.734 0.185204
  162 -36.2449 16.632 0.184075
  163 -36.1622 16.501 0.182625
  164 -36.0795 16.568 0.183366
  165 -35.9969 16.751 0.185392
  166 -35.9142 16.577 0.183466
  167 -35.8316 16.889 0.186919
  168 -35.7489 16.831 0.186277
  169 -35.6663 16.738 0.185248
  170 -35.5836 16.752 0.185403
  171 -35.501 16.854 0.186532
  172 -35.4183 16.883 0.186853
  173 -35.3356 16.919 0.187251
  174 -35.253 16.775 0.185657
  175 -35.1703 16.818 0.186133
  176 -35.0877 16.741 0.185281
  177 -35.005 16.653 0.184307
  178 -34.9224 16.64 0.184163
  179 -34.8397 16.901 0.187052
  180 -34.757 16.8 0.185934
  181 -34.6744 16.619 0.183931
  182 -34.5917 16.694 0.184761
  183 -34.5091 16.817 0.186122
  184 -34.4264 16.699 0.184816
  185 -34.3438 16.64 0.184163
  186 -34.2611 16.828 0.186244
  187 -34.1784 16.625 0.183997
  188 -34.0958 16.54 0.183056
  189 -34.0131 16.573 0.183422
  190 -33.9305 16.722 0.185071
  191 -33.8478 16.642 0.184185
  192 -33.7652 16.5 0.182614
  193 -33.6825 16.642 0.184185
  194 -33.5999 16.845 0.186432
  195 -33.5172 16.555 0.183222
  196 -33.4345 16.676 0.184562
  197 -33.3519 16.81 0.186045
  198 -33.2692 16.764 0.185536
  199 -33.1866 16.472 0.182304
  200 -33.1039 16.71 0.184938
  201 -33.0213 16.679 0.184595
  202 -32.9386 16.475 0.182337
  203 -32.8559 16.442 0.181972
  204 -32.7733 16.895 0.186985
  205 -32.6906 16.548 0.183145
  206 -32.608 16.567 0.183355
  207 -32.5253 16.556 0.183234
  208 -32.4427 16.743 0.185303
  209 -32.36 16.42 0.181728
  210 -32.2773 16.714 0.184982
  211 -32.1947 16.637 0.18413
  212 -32.112 16.43 0.181839
  213 -32.0294 16.391 0.181407
  214 -31.9467 16.58 0.183499
  215 -31.8641 16.594 0.183654
  216 -31.7814 16.67 0.184495
  217 -31.6988 16.541 0.183068
  218 -31.6161 16.697 0.184794
  219 -31.5334 16.561 0.183289
  220 -31.4508 16.43 0.181839
  221 -31.3681 16.838 0.186355
  222 -31.2855 16.48 0.182392
  223 -31.2028 16.726 0.185115
  224 -31.1202 16.669 0.184484
  225 -31.0375 16.588 0.183588
  226 -30.9548 16.746 0.185336
  227 -30.8722 16.539 0.183045
  228 -30.7895 16.678 0.184584
  229 -30.7069 16.452 0.182083
  230 -30.6242 16.484 0.182437
  231 -30.5416 16.629 0.184041
  232 -30.4589 16.749 0.18537
  233 -30.3763 16.712 0.18496
  234 -30.2936 16.563 0.183311
  235 -30.2109 16.613 0.183864
  236 -30.1283 16.783 0.185746
  237 -30.0456 16.764 0.185536
  238 -29.963 16.533 0.182979
  239 -29.8803 16.74 0.18527
  240 -29.7977 16.858 0.186576
  241 -29.715 16.814 0.186089
  242 -29.6323 16.732 0.185181
  243 -29.5497 16.835 0.186321
  244 -29.467 16.903 0.187074
  245 -29.3844 16.57 0.183388
  246 -29.3017 17.002 0.18817
  247 -29.2191 16.848 0.186465
  248 -29.1364 16.819 0.186144
  249 -29.0537 16.66 0.184385
  250 -28.9711 16.865 0.186653
  251 -28.8884 16.823 0.186189
  252 -28.8058 16.626 0.184008
  253 -28.7231 16.77 0.185602
  254 -28.6405 16.652 0.184296
  255 -28.5578 16.703 0.18486
  256 -28.4752 16.615 0.183887
  257 -28.3925 16.83 0.186266
  258 -28.3098 16.703 0.18486
  259 -28.2272 16.616 0.183898
  260 -28.1445 16.601 0.183732
  261 -28.0619 16.499 0.182603
  262 -27.9792 16.686 0.184672
  263 -27.8966 16.726 0.185115
  264 -27.8139 16.535 0.183001
  265 -27.7312 16.942 0.187506
  266 -27.6486 16.606 0.183787
  267 -27.5659 16.465 0.182226
  268 -27.4833 16.752 0.185403
  269 -27.4006 16.384 0.18133
  270 -27.318 16.431 0.18185
  271 -27.2353 16.706 0.184894
  272 -27.1526 16.599 0.183709
  273 -27.07 16.494 0.182547
  274 -26.9873 16.411 0.181629
  275 -26.9047 16.438 0.181928
  276 -26.822 16.883 0.186853
  277 -26.7394 16.384 0.18133
  278 -26.6567 16.717 0.185015
  279 -26.5741 16.728 0.185137
  280 -26.4914 16.818 0.186133
  281 -26.4087 16.67 0.184495
  282 -26.3261 16.63 0.184053
  283 -26.2434 16.447 0.182027
  284 -26.1608 16.831 0.186277
  285 -26.0781 16.341 0.180854
  286 -25.9955 16.667 0.184462
  287 -25.9128 16.431 0.18185
  288 -25.8301 16.466 0.182237
  289 -25.7475 16.54 0.183056
  290 -25.6648 16.648 0.184252
  291 -25.5822 16.542 0.183079
  292 -25.4995 16.644 0.184207
  293 -25.4169 16.662 0.184407
  294 -25.3342 16.548 0.183145
  295 -25.2516 16.577 0.183466
  296 -25.1689 16.634 0.184097
  297 -25.0862 16.742 0.185292
  298 -25.0036 16.41 0.181618
  299 -24.9209 16.73 0.185159
  300 -24.8383 16.524 0.182879
  301 -24.7556 16.729 0.185148
  302 -24.673 16.746 0.185336
  303 -24.5903 16.786 0.185779
  304 -24.5076 16.295 0.180345
  305 -24.425 16.763 0.185525
  306 -24.3423 16.401 0.181518
  307 -24.2597 16.557 0.183245
  308 -24.177 16.471 0.182293
  309 -24.0944 16.351 0.180965
  310 -24.0117 16.43 0.181839
  311 -23.929 16.652 0.184296
  312 -23.8464 16.592 0.183632
  313 -23.7637 16.276 0.180135
  314 -23.6811 16.364 0.181109
  315 -23.5984 16.592 0.183632
  316 -23.5158 16.48 0.182392
  317 -23.4331 16.662 0.184407
  318 -23.3505 16.701 0.184838
  319 -23.2678 16.772 0.185624
  320 -23.1851 16.501 0.182625
  321 -23.1025 16.349 0.180943
  322 -23.0198 16.764 0.185536
  323 -22.9372 16.736 0.185226
  324 -22.8545 16.544 0.183101
  325 -22.7719 16.553 0.1832
  326 -22.6892 16.563 0.183311
  327 -22.6065 16.716 0.185004
  328 -22.5239 16.501 0.182625
  329 -22.4412 16.615 0.183887
  330 -22.3586 16.428 0.181817
  331 -22.2759 16.671 0.184506
  332 -22.1933 16.619 0.183931
  333 -22.1106 17.072 0.188944
  334 -22.0279 16.887 0.186897
  335 -21.9453 16.577 0.183466
  336 -21.8626 16.451 0.182071
  337 -21.78 16.702 0.184849
  338 -21.6973 16.199 0.179282
  339 -21.6147 16.713 0.184971
  340 -21.532 16.665 0.18444
  341 -21.4494 16.676 0.184562
  342 -21.3667 16.649 0.184263
  343 -21.284 16.648 0.184252
  344 -21.2014 16.665 0.18444
  345 -21.1187 16.602 0.183743
  346 -21.0361 16.75 0.185381
  347 -20.9534 16.826 0.186222
  348 -20.8708 16.598 0.183698
  349 -20.7881 16.719 0.185038
  350 -20.7054 16.615 0.183887
  351 -20.6228 16.83 0.186266
  352 -20.5401 16.515 0.18278
  353 -20.4575 16.721 0.18506
  354 -20.3748 16.517 0.182802
  355 -20.2922 16.452 0.182083
  356 -20.2095 16.845 0.186432
  357 -20.1268 16.654 0.184318
  358 -20.0442 16.508 0.182702
  359 -19.9615 16.531 0.182957
  360 -19.8789 16.418 0.181706
  361 -19.7962 16.68 0.184606
  362 -19.7136 16.448 0.182038
  363 -19.6309 16.545 0.183112
  364 -19.5483 16.578 0.183477
  365 -19.4656 16.584 0.183543
  366 -19.3829 16.465 0.182226
  367 -19.3003 16.668 0.184473
  368 -19.2176 16.489 0.182492
  369 -19.135 16.527 0.182913
  370 -19.0523 16.63 0.184053
  371 -18.9697 17.039 0.188579
  372 -18.887 16.85 0.186487
  373 -18.8043 17.052 0.188723
  374 -18.7217 16.624 0.183986
  375 -18.639 16.828 0.186244
  376 -18.5564 16.942 0.187506
  377 -18.4737 16.872 0.186731
  378 -18.3911 17.019 0.188358
  379 -18.3084 16.83 0.186266
  380 -18.2258 16.898 0.187019
  381 -18.1431 16.564 0.183322
  382 -18.0604 16.822 0.186177
  383 -17.9778 16.823 0.186189
  384 -17.8951 17.081 0.189044
  385 -17.8125 16.979 0.187915
  386 -17.7298 16.966 0.187771
  387 -17.6472 16.77 0.185602
  388 -17.5645 16.747 0.185347
  389 -17.4818 16.766 0.185558
  390 -17.3992 16.643 0.184196
  391 -17.3165 16.95 0.187594
  392 -17.2339 16.702 0.184849
  393 -17.1512 16.73 0.185159
  394 -17.0686 16.836 0.186332
  395 -16.9859 16.611 0.183842
  396 -16.9032 16.803 0.185967
  397 -16.8206 16.724 0.185093
  398 -16.7379 16.853 0.186521
  399 -16.6553 16.629 0.184041
  400 -16.5726 16.951 0.187605
  401 -16.49 16.969 0.187804
  402 -16.4073 16.917 0.187229
  403 -16.3247 16.8 0.185934
  404 -16.242 16.514 0.182769
  405 -16.1593 16.924 0.187306
  406 -16.0767 17.077 0.189
  407 -15.994 16.917 0.187229
  408 -15.9114 16.919 0.187251
  409 -15.8287 16.887 0.186897
  410 -15.7461 16.655 0.184329
  411 -15.6634 16.873 0.186742
  412 -15.5807 16.56 0.183278
  413 -15.4981 16.793 0.185857
  414 -15.4154 16.982 0.187948
  415 -15.3328 16.885 0.186875
  416 -15.2501 17.056 0.188767
  417 -15.1675 16.83 0.186266
  418 -15.0848 16.625 0.183997
  419 -15.0021 16.902 0.187063
  420 -14.9195 16.732 0.185181
  421 -14.8368 16.789 0.185812
  422 -14.7542 16.688 0.184694
  423 -14.6715 16.586 0.183566
  424 -14.5889 16.67 0.184495
  425 -14.5062 16.688 0.184694
  426 -14.4236 16.57 0.183388
  427 -14.3409 16.691 0.184728
  428 -14.2582 16.624 0.183986
  429 -14.1756 16.633 0.184086
  430 -14.0929 16.657 0.184351
  431 -14.0103 16.427 0.181806
  432 -13.9276 16.513 0.182758
  433 -13.845 16.648 0.184252
  434 -13.7623 16.71 0.184938
  435 -13.6796 16.448 0.182038
  436 -13.597 16.377 0.181252
  437 -13.5143 16.629 0.184041
  438 -13.4317 16.607 0.183798
  439 -13.349 16.389 0.181385
  440 -13.2664 16.66 0.184385
  441 -13.1837 16.461 0.182182
  442 -13.101 16.717 0.185015
  443 -13.0184 16.444 0.181994
  444 -12.9357 16.527 0.182913
  445 -12.8531 16.501 0.182625
  446 -12.7704 16.477 0.182359
  447 -12.6878 16.504 0.182658
  448 -12.6051 16.495 0.182558
  449 -12.5225 16.619 0.183931
  450 -12.4398 16.55 0.183167
  451 -12.3571 16.723 0.185082
  452 -12.2745 16.529 0.182935
  453 -12.1918 16.662 0.184407
  454 -12.1092 16.522 0.182857
  455 -12.0265 16.495 0.182558
  456 -11.9439 16.627 0.184019
  457 -11.8612 16.384 0.18133
  458 -11.7785 16.332 0.180754
  459 -11.6959 16.39 0.181396
  460 -11.6132 16.393 0.18143
  461 -11.5306 16.356 0.18102
  462 -11.4479 16.377 0.181252
  463 -11.3653 16.383 0.181319
  464 -11.2826 16.237 0.179703
  465 -11.2 16.639 0.184152
  466 -11.1173 16.457 0.182138
  467 -11.0346 16.313 0.180544
  468 -10.952 16.043 0.177556
  469 -10.8693 16.417 0.181695
  470 -10.7867 16.325 0.180677
  471 -10.704 16.294 0.180334
  472 -10.6214 16.508 0.182702
  473 -10.5387 16.211 0.179415
  474 -10.456 16.397 0.181474
  475 -10.3734 16.603 0.183754
  476 -10.2907 16.32 0.180622
  477 -10.2081 16.404 0.181551
  478 -10.1254 16.599 0.183709
  479 -10.0428 16.518 0.182813
  480 -9.9601 16.557 0.183245
  481 -9.87745 16.532 0.182968
  482 -9.79479 16.409 0.181607
  483 -9.71213 16.306 0.180467
  484 -9.62948 16.684 0.18465
  485 -9.54682 16.472 0.182304
  486 -9.46417 16.731 0.18517
  487 -9.38151 16.512 0.182747
  488 -9.29885 16.315 0.180566
  489 -9.2162 16.673 0.184528
  490 -9.13354 16.319 0.180611
  491 -9.05088 16.467 0.182249
  492 -8.96823 16.283 0.180212
  493 -8.88557 16.631 0.184064
  494 -8.80291 16.547 0.183134
  495 -8.72026 16.484 0.182437
  496 -8.6376 16.526 0.182902
  497 -8.55494 16.467 0.182249
  498 -8.47229 16.94 0.187483
  499 -8.38963 16.71 0.184938
  500 -8.30697 16.727 0.185126
  501 -8.22432 17.178 0.190118
  502 -8.14166 16.68 0.184606
  503 -8.05901 16.85 0.186487
  504 -7.97635 16.713 0.184971
  505 -7.89369 16.762 0.185513
  506 -7.81104 16.65 0.184274
  507 -7.72838 16.589 0.183599
  508 -7.64572 16.954 0.187638
  509 -7.56307 16.594 0.183654
  510 -7.48041 17.129 0.189575
  511 -7.39775 16.625 0.183997
  512 -7.3151 16.613 0.183864
  513 -7.23244 16.825 0.186211
  514 -7.14978 16.357 0.181031
  515 -7.06713 16.785 0.185768
  516 -6.98447 16.614 0.183875
  517 -6.90181 16.388 0.181374
  518 -6.81916 16.71 0.184938
  519 -6.7365 16.581 0.18351
  520 -6.65385 16.605 0.183776
  521 -6.57119 16.544 0.183101
  522 -6.48853 16.677 0.184573
  523 -6.40588 16.752 0.185403
  524 -6.32322 16.805 0.185989
  525 -6.24056 16.484 0.182437
  526 -6.15791 16.708 0.184916
  527 -6.07525 16.506 0.18268
  528 -5.99259 16.543 0.18309
  529 -5.90994 16.411 0.181629
  530 -5.82728 16.492 0.182525
  531 -5.74462 16.43 0.181839
  532 -5.66197 16.619 0.183931
  533 -5.57931 16.609 0.18382
  534 -5.49665 16.565 0.183333
  535 -5.414 16.602 0.183743
  536 -5.33134 16.622 0.183964
  537 -5.24869 16.503 0.182647
  538 -5.16603 16.535 0.183001
  539 -5.08337 16.805 0.185989
  540 -5.00072 16.569 0.183377
  541 -4.91806 16.883 0.186853
  542 -4.8354 16.621 0.183953
  543 -4.75275 16.523 0.182868
  544 -4.67009 16.738 0.185248
  545 -4.58743 16.872 0.186731
  546 -4.50478 16.636 0.184119
  547 -4.42212 16.741 0.185281
  548 -4.33946 16.675 0.184551
  549 -4.25681 16.456 0.182127
  550 -4.17415 16.706 0.184894
  551 -4.0915 16.516 0.182791
  552 -4.00884 16.681 0.184617
  553 -3.92618 16.68 0.184606
  554 -3.84353 16.665 0.18444
  555 -3.76087 16.634 0.184097
  556 -3.67821 16.678 0.184584
  557 -3.59556 16.633 0.184086
  558 -3.5129 16.569 0.183377
  559 -3.43024 16.714 0.184982
  560 -3.34759 16.508 0.182702
  561 -3.26493 16.777 0.185679
  562 -3.18227 16.916 0.187218
  563 -3.09962 16.658 0.184362
  564 -3.01696 16.808 0.186023
  565 -2.9343 16.546 0.183123
  566 -2.85165 16.705 0.184883
  567 -2.76899 16.595 0.183665
  568 -2.68634 16.536 0.183012
  569 -2.60368 16.734 0.185204
  570 -2.52102 16.858 0.186576
  571 -2.43837 16.911 0.187162
  572 -2.35571 16.825 0.186211
  573 -2.27305 16.92 0.187262
  574 -2.1904 16.964 0.187749
  575 -2.10774 16.776 0.185668
  576 -2.02508 17.047 0.188668
  577 -1.94243 16.96 0.187705
  578 -1.85977 16.957 0.187672
  579 -1.77711 16.783 0.185746
  580 -1.69446 16.673 0.184528
  581 -1.6118 16.991 0.188048
  582 -1.52914 16.607 0.183798
  583 -1.44649 16.553 0.1832
  584 -1.36383 16.642 0.184185
  585 -1.28118 16.607 0.183798
  586 -1.19852 16.475 0.182337
  587 -1.11586 16.706 0.184894
  588 -1.03321 16.59 0.18361
  589 -0.950549 16.671 0.184506
  590 -0.867893 16.61 0.183831
  591 -0.785236 16.743 0.185303
  592 -0.70258 16.38 0.181286
  593 -0.619923 16.617 0.183909
  594 -0.537267 16.484 0.182437
  595 -0.454611 16.458 0.182149
  596 -0.371954 16.444 0.181994
  597 -0.289298 16.41 0.181618
  598 -0.206641 16.083 0.177999
  599 -0.123985 16.314 0.180555
  600 -0.0413282 16.533 0.182979
  601 0.0413282 16.184 0.179116
  602 0.123985 16.311 0.180522
  603 0.206641 16.451 0.182071
  604 0.289298 16.458 0.182149
  605 0.371954 16.492 0.182525
  606 0.454611 16.292 0.180312
  607 0.537267 16.418 0.181706
  608 0.619923 16.711 0.184949
  609 0.70258 16.508 0.182702
  610 0.785236 16.414 0.181662
  611 0.867893 16.635 0.184108
  612 0.950549 16.657 0.184351
  613 1.03321 16.759 0.18548
  614 1.11586 16.697 0.184794
  615 1.19852 16.531 0.182957
  616 1.28118 16.7 0.184827
  617 1.36383 16.336 0.180799
  618 1.44649 16.665 0.18444
  619 1.52914 16.376 0.181241
  620 1.6118 16.345 0.180898
  621 1.69446 16.536 0.183012
  622 1.77711 16.549 0.183156
  623 1.85977 16.688 0.184694
  624 1.94243 16.549 0.183156
  625 2.02508 16.451 0.182071
  626 2.10774 16.757 0.185458
  627 2.1904 16.512 0.182747
  628 2.27305 16.347 0.18092
  629 2.35571 16.376 0.181241
  630 2.43837 16.465 0.182226
  631 2.52102 16.701 0.184838
  632 2.60368 16.513 0.182758
  633 2.68634 16.479 0.182381
  634 2.76899 16.592 0.183632
  635 2.85165 16.645 0.184219
  636 2.9343 16.583 0.183532
  637 3.01696 16.662 0.184407
  638 3.09962 16.504 0.182658
  639 3.18227 16.926 0.187329
  640 3.26493 16.523 0.182868
  641 3.34759 16.597 0.183687
  642 3.43024 16.594 0.183654
  643 3.5129 16.72 0.185049
  644 3.59556 16.744 0.185314
  645 3.67821 16.813 0.186078
  646 3.76087 16.817 0.186122
  647 3.84353 16.829 0.186255
  648 3.92618 16.562 0.1833
  649 4.00884 16.515 0.18278
  650 4.0915 16.373 0.181208
  651 4.17415 16.462 0.182193
  652 4.25681 16.539 0.183045
  653 4.33946 16.627 0.184019
  654 4.42212 16.362 0.181086
  655 4.50478 16.798 0.185912
  656 4.58743 16.674 0.184539
  657 4.67009 16.589 0.183599
  658 4.75275 16.437 0.181916
  659 4.8354 16.622 0.183964
  660 4.91806 16.678 0.184584
  661 5.00072 16.387 0.181363
  662 5.08337 16.497 0.182581
  663 5.16603 16.534 0.18299
  664 5.24869 16.497 0.182581
  665 5.33134 16.538 0.183034
  666 5.414 16.54 0.183056
  667 5.49665 16.672 0.184517
  668 5.57931 16.854 0.186532
  669 5.66197 16.422 0.18175
  670 5.74462 16.613 0.183864
  671 5.82728 16.466 0.182237
  672 5.90994 16.63 0.184053
  673 5.99259 16.375 0.18123
  674 6.07525 16.34 0.180843
  675 6.15791 16.624 0.183986
  676 6.24056 16.301 0.180411
  677 6.32322 16.365 0.18112
  678 6.40588 16.244 0.17978
  679 6.48853 16.612 0.183853
  680 6.57119 16.347 0.18092
  681 6.65385 16.24 0.179736
  682 6.7365 16.297 0.180367
  683 6.81916 16.317 0.180588
  684 6.90181 16.224 0.179559
  685 6.98447 16.239 0.179725
  686 7.06713 16.099 0.178176
  687 7.14978 16.073 0.177888
  688 7.23244 15.915 0.176139
  689 7.3151 16.3 0.1804
  690 7.39775 16.382 0.181308
  691 7.48041 16.064 0.177788
  692 7.56307 16.28 0.180179
  693 7.64572 16.294 0.180334
  694 7.72838 16.236 0.179692
  695 7.81104 16.585 0.183554
  696 7.89369 16.167 0.178928
  697 7.97635 16.4 0.181507
  698 8.05901 16.434 0.181883
  699 8.14166 16.093 0.178109
  700 8.22432 16.178 0.17905
  701 8.30697 16.246 0.179803
  702 8.38963 16.252 0.179869
  703 8.47229 16.388 0.181374
  704 8.55494 16.443 0.181983
  705 8.6376 16.233 0.179659
  706 8.72026 16.445 0.182005
  707 8.80291 16.223 0.179548
  708 8.88557 16.591 0.183621
  709 8.96823 16.331 0.180743
  710 9.05088 16.481 0.182403
  711 9.13354 16.303 0.180433
  712 9.2162 16.678 0.184584
  713 9.29885 16.653 0.184307
  714 9.38151 16.52 0.182835
  715 9.46417 16.495 0.182558
  716 9.54682 16.554 0.183211
  717 9.62948 16.341 0.180854
  718 9.71213 16.694 0.184761
  719 9.79479 16.336 0.180799
  720 9.87745 16.633 0.184086
  721 9.9601 16.692 0.184739
  722 10.0428 16.61 0.183831
  723 10.1254 16.474 0.182326
  724 10.2081 16.364 0.181109
  725 10.2907 16.435 0.181894
  726 10.3734 16.623 0.183975
  727 10.456 16.442 0.181972
  728 10.5387 16.728 0.185137
  729 10.6214 16.62 0.183942
  730 10.704 16.296 0.180356
  731 10.7867 16.835 0.186321
  732 10.8693 16.526 0.182902
  733 10.952 16.848 0.186465
  734 11.0346 16.754 0.185425
  735 11.1173 16.545 0.183112
  736 11.2 16.301 0.180411
  737 11.2826 16.639 0.184152
  738 11.3653 16.594 0.183654
  739 11.4479 16.47 0.182282
  740 11.5306 16.467 0.182249
  741 11.6132 16.487 0.18247
  742 11.6959 16.546 0.183123
  743 11.7785 16.53 0.182946
  744 11.8612 16.559 0.183267
  745 11.9439 16.762 0.185513
  746 12.0265 16.703 0.18486
  747 12.1092 16.972 0.187838
  748 12.1918 16.823 0.186189
  749 12.2745 16.633 0.184086
  750 12.3571 16.711 0.184949
  751 12.4398 16.649 0.184263
  752 12.5225 16.629 0.184041
  753 12.6051 16.554 0.183211
  754 12.6878 16.505 0.182669
  755 12.7704 16.503 0.182647
  756 12.8531 16.449 0.182049
  757 12.9357 16.719 0.185038
  758 13.0184 16.725 0.185104
  759 13.101 16.634 0.184097
  760 13.1837 16.719 0.185038
  761 13.2664 16.573 0.183422
  762 13.349 16.771 0.185613
  763 13.4317 16.54 0.183056
  764 13.5143 16.777 0.185679
  765 13.597 16.717 0.185015
  766 13.6796 16.814 0.186089
  767 13.7623 16.581 0.18351
  768 13.845 16.737 0.185237
  769 13.9276 16.779 0.185702
  770 14.0103 16.61 0.183831
  771 14.0929 16.717 0.185015
  772 14.1756 16.644 0.184207
  773 14.2582 16.718 0.185026
  774 14.3409 16.592 0.183632
  775 14.4236 16.456 0.182127
  776 14.5062 16.59 0.18361
  777 14.5889 16.511 0.182735
  778 14.6715 16.688 0.184694
  779 14.7542 16.459 0.18216
  780 14.8368 16.732 0.185181
  781 14.9195 16.531 0.182957
  782 15.0021 16.681 0.184617
  783 15.0848 16.808 0.186023
  784 15.1675 16.501 0.182625
  785 15.2501 16.602 0.183743
  786 15.3328 16.632 0.184075
  787 15.4154 16.421 0.181739
  788 15.4981 16.533 0.182979
  789 15.5807 16.73 0.185159
  790 15.6634 16.709 0.184927
  791 15.7461 16.656 0.18434
  792 15.8287 16.512 0.182747
  793 15.9114 16.734 0.185204
  794 15.994 16.761 0.185502
  795 16.0767 16.457 0.182138
  796 16.1593 16.876 0.186775
  797 16.242 16.589 0.183599
  798 16.3247 16.827 0.186233
  799 16.4073 16.584 0.183543
  800 16.49 16.669 0.184484
  801 16.5726 16.844 0.186421
  802 16.6553 16.53 0.182946
  803 16.7379 16.433 0.181872
  804 16.8206 16.65 0.184274
  805 16.9032 16.516 0.182791
  806 16.9859 16.439 0.181939
  807 17.0686 16.659 0.184373
  808 17.1512 16.382 0.181308
  809 17.2339 16.795 0.185879
  810 17.3165 16.713 0.184971
  811 17.3992 16.708 0.184916
  812 17.4818 16.855 0.186543
  813 17.5645 16.871 0.18672
  814 17.6472 16.606 0.183787
  815 17.7298 16.86 0.186598
  816 17.8125 16.72 0.185049
  817 17.8951 16.685 0.184661
  818 17.9778 16.676 0.184562
  819 18.0604 16.691 0.184728
  820 18.1431 16.745 0.185325
  821 18.2258 16.494 0.182547
  822 18.3084 16.791 0.185834
  823 18.3911 16.581 0.18351
  824 18.4737 16.577 0.183466
  825 18.5564 16.649 0.184263
  826 18.639 16.654 0.184318
  827 18.7217 16.659 0.184373
  828 18.8043 16.61 0.183831
  829 18.887 16.897 0.187008
  830 18.9697 16.785 0.185768
  831 19.0523 16.643 0.184196
  832 19.135 16.696 0.184783
  833 19.2176 16.686 0.184672
  834 19.3003 16.869 0.186698
  835 19.3829 16.729 0.185148
  836 19.4656 16.724 0.185093
  837 19.5483 16.72 0.185049
  838 19.6309 16.715 0.184993
  839 19.7136 16.747 0.185347
  840 19.7962 16.448 0.182038
  841 19.8789 16.692 0.184739
  842 19.9615 16.591 0.183621
  843 20.0442 16.756 0.185447
  844 20.1268 16.988 0.188015
  845 20.2095 16.611 0.183842
  846 20.2922 16.875 0.186764
  847 20.3748 17.097 0.189221
  848 20.4575 16.902 0.187063
  849 20.5401 16.528 0.182924
  850 20.6228 16.614 0.183875
  851 20.7054 16.909 0.18714
  852 20.7881 16.627 0.184019
  853 20.8708 16.754 0.185425
  854 20.9534 16.796 0.18589
  855 21.0361 16.742 0.185292
  856 21.1187 16.845 0.186432
  857 21.2014 16.65 0.184274
  858 21.284 16.829 0.186255
  859 21.3667 16.539 0.183045
  860 21.4494 16.757 0.185458
  861 21.532 16.726 0.185115
  862 21.6147 16.782 0.185735
  863 21.6973 16.669 0.184484
  864 21.78 16.723 0.185082
  865 21.8626 16.774 0.185646
  866 21.9453 16.721 0.18506
  867 22.0279 16.624 0.183986
  868 22.1106 16.743 0.185303
  869 22.1933 16.702 0.184849
  870 22.2759 16.764 0.185536
  871 22.3586 16.473 0.182315
  872 22.4412 16.862 0.18662
  873 22.5239 16.482 0.182415
  874 22.6065 16.815 0.1861
  875 22.6892 16.887 0.186897
  876 22.7719 16.814 0.186089
  877 22.8545 16.483 0.182426
  878 22.9372 16.681 0.184617
  879 23.0198 16.813 0.186078
  880 23.1025 16.854 0.186532
  881 23.1851 16.726 0.185115
  882 23.2678 16.683 0.184639
  883 23.3505 16.807 0.186011
  884 23.4331 16.503 0.182647
  885 23.5158 16.532 0.182968
  886 23.5984 16.563 0.183311
  887 23.6811 16.486 0.182459
  888 23.7637 16.552 0.183189
  889 23.8464 16.626 0.184008
  890 23.929 16.99 0.188037
  891 24.0117 16.56 0.183278
  892 24.0944 16.595 0.183665
  893 24.177 16.52 0.182835
  894 24.2597 16.533 0.182979
  895 24.3423 16.615 0.183887
  896 24.425 16.631 0.184064
  897 24.5076 16.528 0.182924
  898 24.5903 16.543 0.18309
  899 24.673 16.58 0.183499
  900 24.7556 16.775 0.185657
  901 24.8383 16.757 0.185458
  902 24.9209 16.835 0.186321
  903 25.0036 17.088 0.189121
  904 25.0862 16.544 0.183101
  905 25.1689 16.777 0.185679
  906 25.2516 16.648 0.184252
  907 25.3342 16.583 0.183532
  908 25.4169 16.662 0.184407
  909 25.4995 16.585 0.183554
  910 25.5822 16.283 0.180212
  911 25.6648 16.705 0.184883
  912 25.7475 16.869 0.186698
  913 25.8301 16.761 0.185502
  914 25.9128 16.665 0.18444
  915 25.9955 16.864 0.186642
  916 26.0781 16.576 0.183455
  917 26.1608 16.76 0.185491
  918 26.2434 17.001 0.188159
  919 26.3261 16.757 0.185458
  920 26.4087 16.922 0.187284
  921 26.4914 16.703 0.18486
  922 26.5741 16.891 0.186941
  923 26.6567 16.844 0.186421
  924 26.7394 16.759 0.18548
  925 26.822 16.802 0.185956
  926 26.9047 16.731 0.18517
  927 26.9873 16.919 0.187251
  928 27.07 16.869 0.186698
  929 27.1526 16.74 0.18527
  930 27.2353 16.918 0.18724
  931 27.318 16.835 0.186321
  932 27.4006 16.912 0.187174
  933 27.4833 17.005 0.188203
  934 27.5659 16.949 0.187583
  935 27.6486 16.738 0.185248
  936 27.7312 16.839 0.186366
  937 27.8139 16.791 0.185834
  938 27.8966 16.838 0.186355
  939 27.9792 16.865 0.186653
  940 28.0619 17.018 0.188347
  941 28.1445 17.024 0.188413
  942 28.2272 16.847 0.186454
  943 28.3098 16.673 0.184528
  944 28.3925 16.934 0.187417
  945 28.4752 17.072 0.188944
  946 28.5578 17.068 0.1889
  947 28.6405 17.24 0.190804
  948 28.7231 16.928 0.187351
  949 28.8058 17.071 0.188933
  950 28.8884 17.129 0.189575
  951 28.9711 17.116 0.189431
  952 29.0537 16.827 0.186233
  953 29.1364 16.844 0.186421
  954 29.2191 16.926 0.187329
  955 29.3017 16.976 0.187882
  956 29.3844 16.969 0.187804
  957 29.467 16.868 0.186687
  958 29.5497 16.961 0.187716
  959 29.6323 17.07 0.188922
  960 29.715 17.036 0.188546
  961 29.7977 16.983 0.187959
  962 29.8803 17.07 0.188922
  963 29.963 16.985 0.187981
  964 30.0456 16.911 0.187162
  965 30.1283 16.664 0.184429
  966 30.2109 16.822 0.186177
  967 30.2936 16.969 0.187804
  968 30.3763 16.886 0.186886
  969 30.4589 16.833 0.186299
  970 30.5416 16.888 0.186908
  971 30.6242 17.001 0.188159
  972 30.7069 16.807 0.186011
  973 30.7895 16.854 0.186532
  974 30.8722 16.791 0.185834
  975 30.9548 16.699 0.184816
  976 31.0375 16.748 0.185358
  977 31.1202 16.834 0.18631
  978 31.2028 16.49 0.182503
  979 31.2855 16.502 0.182636
  980 31.3681 16.907 0.187118
  981 31.4508 16.931 0.187384
  982 31.5334 16.672 0.184517
  983 31.6161 16.592 0.183632
  984 31.6988 16.771 0.185613
  985 31.7814 16.829 0.186255
  986 31.8641 16.772 0.185624
  987 31.9467 16.695 0.184772
  988 32.0294 16.843 0.18641
  989 32.112 16.739 0.185259
  990 32.1947 16.731 0.18517
  991 32.2773 16.65 0.184274
  992 32.36 16.878 0.186797
  993 32.4427 16.602 0.183743
  994 32.5253 17.234 0.190737
  995 32.608 16.604 0.183765
  996 32.6906 16.627 0.184019
  997 32.7733 16.603 0.183754
  998 32.8559 16.959 0.187694
  999 32.9386 16.64 0.184163
  1000 33.0213 16.579 0.183488
  1001 33.1039 16.629 0.184041
  1002 33.1866 16.963 0.187738
  1003 33.2692 16.623 0.183975
  1004 33.3519 16.655 0.184329
  1005 33.4345 16.657 0.184351
  1006 33.5172 16.777 0.185679
  1007 33.5999 16.721 0.18506
  1008 33.6825 16.939 0.187472
  1009 33.7652 16.701 0.184838
  1010 33.8478 16.549 0.183156
  1011 33.9305 16.693 0.18475
  1012 34.0131 16.937 0.18745
  1013 34.0958 16.82 0.186155
  1014 34.1784 16.794 0.185868
  1015 34.2611 16.627 0.184019
  1016 34.3438 16.487 0.18247
  1017 34.4264 16.675 0.184551
  1018 34.5091 16.592 0.183632
  1019 34.5917 16.481 0.182403
  1020 34.6744 16.469 0.182271
  1021 34.757 16.615 0.183887
  1022 34.8397 16.922 0.187284
  1023 34.9224 16.909 0.18714
  1024 35.005 16.802 0.185956
  1025 35.0877 16.633 0.184086
  1026 35.1703 16.764 0.185536
  1027 35.253 16.535 0.183001
  1028 35.3356 16.88 0.186819
  1029 35.4183 16.427 0.181806
  1030 35.501 16.982 0.187948
  1031 35.5836 16.754 0.185425
  1032 35.6663 16.572 0.183411
  1033 35.7489 16.847 0.186454
  1034 35.8316 16.531 0.182957
  1035 35.9142 16.575 0.183444
  1036 35.9969 16.781 0.185724
  1037 36.0795 16.818 0.186133
  1038 36.1622 16.887 0.186897
  1039 36.2449 16.831 0.186277
  1040 36.3275 16.98 0.187926
  1041 36.4102 16.72 0.185049
  1042 36.4928 16.663 0.184418
  1043 36.5755 16.682 0.184628
  1044 36.6581 16.754 0.185425
  1045 36.7408 16.941 0.187495
  1046 36.8235 16.899 0.18703
  1047 36.9061 16.933 0.187406
  1048 36.9888 16.807 0.186011
  1049 37.0714 16.87 0.186709
  1050 37.1541 16.805 0.185989
  1051 37.2367 16.719 0.185038
  1052 37.3194 16.629 0.184041
  1053 37.4021 16.801 0.185945
  1054 37.4847 16.963 0.187738
  1055 37.5674 16.642 0.184185
  1056 37.65 16.843 0.18641
  1057 37.7327 16.78 0.185713
  1058 37.8153 16.997 0.188114
  1059 37.898 16.709 0.184927
  1060 37.9806 16.837 0.186343
  1061 38.0633 16.909 0.18714
  1062 38.146 17.063 0.188845
  1063 38.2286 16.853 0.186521
  1064 38.3113 16.736 0.185226
  1065 38.3939 16.9 0.187041
  1066 38.4766 16.869 0.186698
  1067 38.5592 16.962 0.187727
  1068 38.6419 16.764 0.185536
  1069 38.7246 16.675 0.184551
  1070 38.8072 16.96 0.187705
  1071 38.8899 16.591 0.183621
  1072 38.9725 17.022 0.188391
  1073 39.0552 17.008 0.188236
  1074 39.1378 16.922 0.187284
  1075 39.2205 17.156 0.189874
  1076 39.3031 17.019 0.188358
  1077 39.3858 16.937 0.18745
  1078 39.4685 17.111 0.189376
  1079 39.5511 17.23 0.190693
  1080 39.6338 17.08 0.189033
  1081 39.7164 16.962 0.187727
  1082 39.7991 17.104 0.189299
  1083 39.8817 16.942 0.187506
  1084 39.9644 17.036 0.188546
  1085 40.0471 17.128 0.189564
  1086 40.1297 16.708 0.184916
  1087 40.2124 17.015 0.188314
  1088 40.295 16.718 0.185026
  1089 40.3777 16.961 0.187716
  1090 40.4603 16.871 0.18672
  1091 40.543 16.731 0.18517
  1092 40.6257 16.81 0.186045
  1093 40.7083 16.803 0.185967
  1094 40.791 16.786 0.185779
  1095 40.8736 16.796 0.18589
  1096 40.9563 16.859 0.186587
  1097 41.0389 16.704 0.184872
  1098 41.1216 16.484 0.182437
  1099 41.2042 16.895 0.186985
  1100 41.2869 16.779 0.185702
  1101 41.3696 16.913 0.187185
  1102 41.4522 16.855 0.186543
  1103 41.5349 16.823 0.186189
  1104 41.6175 16.934 0.187417
  1105 41.7002 16.801 0.185945
  1106 41.7828 16.713 0.184971
  1107 41.8655 16.823 0.186189
  1108 41.9482 16.877 0.186786
  1109 42.0308 16.813 0.186078
  1110 42.1135 16.73 0.185159
  1111 42.1961 16.832 0.186288
  1112 42.2788 16.906 0.187107
  1113 42.3614 16.782 0.185735
  1114 42.4441 16.675 0.184551
  1115 42.5268 16.824 0.1862
  1116 42.6094 16.714 0.184982
  1117 42.6921 16.782 0.185735
  1118 42.7747 16.834 0.18631
  1119 42.8574 16.502 0.182636
  1120 42.94 16.567 0.183355
  1121 43.0227 16.882 0.186842
  1122 43.1053 16.876 0.186775
  1123 43.188 16.997 0.188114
  1124 43.2707 16.992 0.188059
  1125 43.3533 16.892 0.186952
  1126 43.436 16.783 0.185746
  1127 43.5186 16.992 0.188059
  1128 43.6013 16.893 0.186963
  1129 43.6839 16.67 0.184495
  1130 43.7666 16.788 0.185801
  1131 43.8493 16.817 0.186122
  1132 43.9319 16.563 0.183311
  1133 44.0146 16.745 0.185325
  1134 44.0972 16.873 0.186742
  1135 44.1799 16.954 0.187638
  1136 44.2625 17.096 0.18921
  1137 44.3452 16.796 0.18589
  1138 44.4279 16.901 0.187052
  1139 44.5105 16.484 0.182437
  1140 44.5932 16.77 0.185602
  1141 44.6758 16.693 0.18475
  1142 44.7585 16.698 0.184805
  1143 44.8411 16.928 0.187351
  1144 44.9238 16.812 0.186067
  1145 45.0064 16.721 0.18506
  1146 45.0891 16.628 0.18403
  1147 45.1718 16.665 0.18444
  1148 45.2544 16.758 0.185469
  1149 45.3371 17.057 0.188778
  1150 45.4197 16.524 0.182879
  1151 45.5024 16.716 0.185004
  1152 45.585 17.021 0.18838
  1153 45.6677 16.646 0.18423
  1154 45.7504 16.767 0.185569
  1155 45.833 16.932 0.187395
  1156 45.9157 16.681 0.184617
  1157 45.9983 16.7 0.184827
  1158 46.081 16.633 0.184086
  1159 46.1636 16.716 0.185004
  1160 46.2463 16.685 0.184661
  1161 46.3289 16.704 0.184872
  1162 46.4116 16.716 0.185004
  1163 46.4943 16.542 0.183079
  1164 46.5769 16.722 0.185071
  1165 46.6596 16.644 0.184207
  1166 46.7422 16.628 0.18403
  1167 46.8249 16.56 0.183278
  1168 46.9075 16.862 0.18662
  1169 46.9902 16.635 0.184108
  1170 47.0729 16.695 0.184772
  1171 47.1555 16.597 0.183687
  1172 47.2382 16.846 0.186443
  1173 47.3208 16.524 0.182879
  1174 47.4035 16.479 0.182381
  1175 47.4861 16.595 0.183665
  1176 47.5688 16.744 0.185314
  1177 47.6515 16.606 0.183787
  1178 47.7341 16.598 0.183698
  1179 47.8168 16.48 0.182392
  1180 47.8994 16.474 0.182326
  1181 47.9821 16.415 0.181673
  1182 48.0647 16.434 0.181883
  1183 48.1474 16.358 0.181042
  1184 48.23 16.619 0.183931
  1185 48.3127 16.53 0.182946
  1186 48.3954 16.579 0.183488
  1187 48.478 17.016 0.188325
  1188 48.5607 16.773 0.185635
  1189 48.6433 16.46 0.182171
  1190 48.726 16.428 0.181817
  1191 48.8086 16.528 0.182924
  1192 48.8913 16.659 0.184373
  1193 48.974 16.45 0.18206
  1194 49.0566 16.39 0.181396
  1195 49.1393 16.564 0.183322
  1196 49.2219 16.752 0.185403
  1197 49.3046 16.578 0.183477
  1198 49.3872 16.635 0.184108
  1199 49.4699 16.509 0.182713
  1200 49.5526 16.485 0.182448
