# Chunk-averaged data for fix denprof and group file
# Timestep Number-of-chunks Total-count
# Chunk Coord1 Ncount density/number
2500000 1200 20000
  1 -49.5526 7.364 0.0815011
  2 -49.4699 7.337 0.0812022
  3 -49.3872 7.138 0.0789998
  4 -49.3046 7.216 0.0798631
  5 -49.2219 7.377 0.0816449
  6 -49.1393 7.067 0.078214
  7 -49.0566 7.097 0.078546
  8 -48.974 7.146 0.0790884
  9 -48.8913 7.186 0.0795311
  10 -48.8086 7.012 0.0776053
  11 -48.726 7.218 0.0798852
  12 -48.6433 7.158 0.0792212
  13 -48.5607 7.178 0.0794425
  14 -48.478 7.078 0.0783358
  15 -48.3954 7.189 0.0795643
  16 -48.3127 7.204 0.0797303
  17 -48.23 7.068 0.0782251
  18 -48.1474 7.201 0.0796971
  19 -48.0647 7.105 0.0786346
  20 -47.9821 6.989 0.0773508
  21 -47.8994 6.988 0.0773397
  22 -47.8168 7.197 0.0796528
  23 -47.7341 7.096 0.078535
  24 -47.6515 7.246 0.0801951
  25 -47.5688 7.07 0.0782472
  26 -47.4861 7.197 0.0796528
  27 -47.4035 7.175 0.0794093
  28 -47.3208 7.211 0.0798077
  29 -47.2382 7.189 0.0795643
  30 -47.1555 7.163 0.0792765
  31 -47.0729 7.146 0.0790884
  32 -46.9902 7.047 0.0779927
  33 -46.9075 7.093 0.0785018
  34 -46.8249 7.247 0.0802062
  35 -46.7422 7.172 0.0793761
  36 -46.6596 7.211 0.0798077
  37 -46.5769 7.215 0.079852
  38 -46.4943 7.362 0.0814789
  39 -46.4116 7.413 0.0820434
  40 -46.3289 7.34 0.0812354
  41 -46.2463 7.348 0.081324
  42 -46.1636 7.323 0.0810473
  43 -46.081 7.309 0.0808924
  44 -45.9983 7.35 0.0813461
  45 -45.9157 7.117 0.0787674
  46 -45.833 7.19 0.0795753
  47 -45.7504 7.154 0.0791769
  48 -45.6677 7.346 0.0813019
  49 -45.585 7.203 0.0797192
  50 -45.5024 7.511 0.083128
  51 -45.4197 7.246 0.0801951
  52 -45.3371 7.136 0.0789777
  53 -45.2544 7.184 0.0795089
  54 -45.1718 7.087 0.0784354
  55 -45.0891 7.043 0.0779484
  56 -45.0064 7.102 0.0786014
  57 -44.9238 7.146 0.0790884
  58 -44.8411 7.071 0.0782583
  59 -44.7585 7.17 0.079354
  60 -44.6758 7.244 0.080173
  61 -44.5932 7.302 0.0808149
  62 -44.5105 7.183 0.0794979
  63 -44.4279 7.165 0.0792986
  64 -44.3452 7.11 0.0786899
  65 -44.2625 7.205 0.0797413
  66 -44.1799 7.11 0.0786899
  67 -44.0972 7.094 0.0785128
  68 -44.0146 7.026 0.0777603
  69 -43.9319 7.284 0.0806157
  70 -43.8493 6.972 0.0771626
  71 -43.7666 7.112 0.0787121
  72 -43.6839 7.107 0.0786567
  73 -43.6013 7.134 0.0789555
  74 -43.5186 7.288 0.0806599
  75 -43.436 7.232 0.0800402
  76 -43.3533 7.345 0.0812908
  77 -43.2707 7.377 0.0816449
  78 -43.188 7.283 0.0806046
  79 -43.1053 7.211 0.0798077
  80 -43.0227 7.373 0.0816007
  81 -42.94 7.459 0.0825525
  82 -42.8574 7.308 0.0808813
  83 -42.7747 7.322 0.0810362
  84 -42.6921 7.426 0.0821873
  85 -42.6094 7.344 0.0812797
  86 -42.5268 7.362 0.0814789
  87 -42.4441 7.494 0.0829398
  88 -42.3614 7.358 0.0814347
  89 -42.2788 7.456 0.0825193
  90 -42.1961 7.271 0.0804718
  91 -42.1135 7.459 0.0825525
  92 -42.0308 7.543 0.0834822
  93 -41.9482 7.481 0.082796
  94 -41.8655 7.413 0.0820434
  95 -41.7828 7.403 0.0819327
  96 -41.7002 7.612 0.0842458
  97 -41.6175 7.195 0.0796307
  98 -41.5349 7.308 0.0808813
  99 -41.4522 7.509 0.0831059
  100 -41.3696 7.353 0.0813793
  101 -41.2869 7.357 0.0814236
  102 -41.2042 7.398 0.0818774
  103 -41.1216 7.443 0.0823754
  104 -41.0389 7.326 0.0810805
  105 -40.9563 7.385 0.0817335
  106 -40.8736 7.362 0.0814789
  107 -40.791 7.289 0.080671
  108 -40.7083 7.438 0.0823201
  109 -40.6257 7.497 0.082973
  110 -40.543 7.358 0.0814347
  111 -40.4603 7.193 0.0796085
  112 -40.3777 7.329 0.0811137
  113 -40.295 7.221 0.0799184
  114 -40.2124 7.144 0.0790662
  115 -40.1297 7.183 0.0794979
  116 -40.0471 7.222 0.0799295
  117 -39.9644 7.272 0.0804829
  118 -39.8817 7.257 0.0803168
  119 -39.7991 7.345 0.0812908
  120 -39.7164 7.27 0.0804607
  121 -39.6338 7.46 0.0825635
  122 -39.5511 7.212 0.0798188
  123 -39.4685 7.278 0.0805493
  124 -39.3858 7.25 0.0802394
  125 -39.3031 7.179 0.0794536
  126 -39.2205 7.276 0.0805271
  127 -39.1378 7.188 0.0795532
  128 -39.0552 7.433 0.0822647
  129 -38.9725 7.445 0.0823975
  130 -38.8899 7.3 0.0807927
  131 -38.8072 7.355 0.0814015
  132 -38.7246 7.335 0.0811801
  133 -38.6419 7.246 0.0801951
  134 -38.5592 7.277 0.0805382
  135 -38.4766 7.288 0.0806599
  136 -38.3939 7.189 0.0795643
  137 -38.3113 7.426 0.0821873
  138 -38.2286 7.193 0.0796085
  139 -38.146 7.222 0.0799295
  140 -38.0633 7.246 0.0801951
  141 -37.9806 7.231 0.0800291
  142 -37.898 6.996 0.0774282
  143 -37.8153 7.126 0.078867
  144 -37.7327 7.109 0.0786789
  145 -37.65 6.939 0.0767974
  146 -37.5674 7.154 0.0791769
  147 -37.4847 6.996 0.0774282
  148 -37.4021 7.124 0.0788449
  149 -37.3194 6.992 0.077384
  150 -37.2367 7.175 0.0794093
  151 -37.1541 7.261 0.0803611
  152 -37.0714 7.112 0.0787121
  153 -36.9888 7.153 0.0791658
  154 -36.9061 7.043 0.0779484
  155 -36.8235 7.093 0.0785018
  156 -36.7408 7.075 0.0783026
  157 -36.6581 7.044 0.0779595
  158 -36.5755 7.04 0.0779152
  159 -36.4928 7.005 0.0775278
  160 -36.4102 6.986 0.0773176
  161 -36.3275 7.068 0.0782251
  162 -36.2449 7.006 0.0775389
  163 -36.1622 7.113 0.0787231
  164 -36.0795 7.254 0.0802836
  165 -35.9969 6.927 0.0766646
  166 -35.9142 7.113 0.0787231
  167 -35.8316 7.242 0.0801508
  168 -35.7489 7.049 0.0780148
  169 -35.6663 7.013 0.0776164
  170 -35.5836 7.085 0.0784132
  171 -35.501 7.052 0.078048
  172 -35.4183 6.954 0.0769634
  173 -35.3356 7.044 0.0779595
  174 -35.253 7.099 0.0785682
  175 -35.1703 7.204 0.0797303
  176 -35.0877 7.213 0.0798299
  177 -35.005 7.273 0.0804939
  178 -34.9224 7.082 0.07838
  179 -34.8397 6.995 0.0774172
  180 -34.757 7.014 0.0776274
  181 -34.6744 7.091 0.0784796
  182 -34.5917 7.099 0.0785682
  183 -34.5091 7.039 0.0779041
  184 -34.4264 6.973 0.0771737
  185 -34.3438 7.231 0.0800291
  186 -34.2611 7.131 0.0789223
  187 -34.1784 7.162 0.0792654
  188 -34.0958 7.159 0.0792322
  189 -34.0131 7.271 0.0804718
  190 -33.9305 7.292 0.0807042
  191 -33.8478 7.244 0.080173
  192 -33.7652 7.322 0.0810362
  193 -33.6825 7.307 0.0808702
  194 -33.5999 7.165 0.0792986
  195 -33.5172 7.16 0.0792433
  196 -33.4345 7.119 0.0787895
  197 -33.3519 7.1 0.0785792
  198 -33.2692 7.091 0.0784796
  199 -33.1866 7.022 0.077716
  200 -33.1039 7.033 0.0778377
  201 -33.0213 6.991 0.0773729
  202 -32.9386 6.957 0.0769966
  203 -32.8559 7.125 0.0788559
  204 -32.7733 7.078 0.0783358
  205 -32.6906 7.153 0.0791658
  206 -32.608 7.124 0.0788449
  207 -32.5253 7.005 0.0775278
  208 -32.4427 7.262 0.0803722
  209 -32.36 7.121 0.0788117
  210 -32.2773 7.206 0.0797524
  211 -32.1947 7.141 0.079033
  212 -32.112 7.117 0.0787674
  213 -32.0294 7.232 0.0800402
  214 -31.9467 7.113 0.0787231
  215 -31.8641 6.936 0.0767642
  216 -31.7814 7.016 0.0776496
  217 -31.6988 7.286 0.0806378
  218 -31.6161 7.322 0.0810362
  219 -31.5334 7.032 0.0778267
  220 -31.4508 7.233 0.0800512
  221 -31.3681 7.235 0.0800734
  222 -31.2855 7.263 0.0803833
  223 -31.2028 7.413 0.0820434
  224 -31.1202 7.083 0.0783911
  225 -31.0375 7.304 0.080837
  226 -30.9548 7.368 0.0815453
  227 -30.8722 7.351 0.0813572
  228 -30.7895 7.322 0.0810362
  229 -30.7069 7.318 0.080992
  230 -30.6242 7.131 0.0789223
  231 -30.5416 7.197 0.0796528
  232 -30.4589 7.389 0.0817778
  233 -30.3763 7.306 0.0808592
  234 -30.2936 7.324 0.0810584
  235 -30.2109 7.243 0.0801619
  236 -30.1283 7.242 0.0801508
  237 -30.0456 7.213 0.0798299
  238 -29.963 7.147 0.0790994
  239 -29.8803 7.319 0.081003
  240 -29.7977 7.41 0.0820102
  241 -29.715 7.259 0.080339
  242 -29.6323 7.248 0.0802172
  243 -29.5497 7.278 0.0805493
  244 -29.467 7.316 0.0809698
  245 -29.3844 7.228 0.0799959
  246 -29.3017 7.377 0.0816449
  247 -29.2191 7.343 0.0812687
  248 -29.1364 7.284 0.0806157
  249 -29.0537 7.356 0.0814125
  250 -28.9711 7.438 0.0823201
  251 -28.8884 7.471 0.0826853
  252 -28.8058 7.486 0.0828513
  253 -28.7231 7.395 0.0818442
  254 -28.6405 7.64 0.0845557
  255 -28.5578 7.482 0.082807
  256 -28.4752 7.781 0.0861162
  257 -28.3925 7.56 0.0836703
  258 -28.3098 7.6 0.084113
  259 -28.2272 7.502 0.0830284
  260 -28.1445 7.596 0.0840687
  261 -28.0619 7.649 0.0846553
  262 -27.9792 7.704 0.085264
  263 -27.8966 7.632 0.0844672
  264 -27.8139 7.872 0.0871234
  265 -27.7312 7.781 0.0861162
  266 -27.6486 7.907 0.0875107
  267 -27.5659 7.844 0.0868135
  268 -27.4833 7.747 0.0857399
  269 -27.4006 7.835 0.0867139
  270 -27.318 7.878 0.0871898
  271 -27.2353 7.958 0.0880752
  272 -27.1526 7.939 0.0878649
  273 -27.07 7.962 0.0881194
  274 -26.9873 7.86 0.0869905
  275 -26.9047 7.845 0.0868245
  276 -26.822 8.055 0.0891487
  277 -26.7394 7.939 0.0878649
  278 -26.6567 7.997 0.0885068
  279 -26.5741 7.92 0.0876546
  280 -26.4914 7.976 0.0882744
  281 -26.4087 8.036 0.0889384
  282 -26.3261 7.953 0.0880198
  283 -26.2434 7.951 0.0879977
  284 -26.1608 7.939 0.0878649
  285 -26.0781 8.079 0.0894143
  286 -25.9955 8.016 0.0887171
  287 -25.9128 8.145 0.0901448
  288 -25.8301 7.988 0.0884072
  289 -25.7475 8.09 0.0895361
  290 -25.6648 8.072 0.0893369
  291 -25.5822 8.169 0.0904104
  292 -25.4995 8.14 0.0900894
  293 -25.4169 8.107 0.0897242
  294 -25.3342 8.192 0.090665
  295 -25.2516 8.026 0.0888278
  296 -25.1689 7.933 0.0877985
  297 -25.0862 8.017 0.0887281
  298 -25.0036 7.998 0.0885179
  299 -24.9209 8.057 0.0891708
  300 -24.8383 7.936 0.0878317
  301 -24.7556 7.924 0.0876989
  302 -24.673 7.919 0.0876435
  303 -24.5903 8.034 0.0889163
  304 -24.5076 7.727 0.0855186
  305 -24.425 7.965 0.0881526
  306 -24.3423 7.833 0.0866917
  307 -24.2597 7.947 0.0879534
  308 -24.177 7.981 0.0883297
  309 -24.0944 7.918 0.0876325
  310 -24.0117 8.06 0.089204
  311 -23.929 7.862 0.0870127
  312 -23.8464 8.032 0.0888942
  313 -23.7637 7.795 0.0862712
  314 -23.6811 7.89 0.0873226
  315 -23.5984 7.901 0.0874443
  316 -23.5158 7.818 0.0865257
  317 -23.4331 7.82 0.0865478
  318 -23.3505 7.938 0.0878538
  319 -23.2678 7.942 0.0878981
  320 -23.1851 7.996 0.0884957
  321 -23.1025 7.868 0.0870791
  322 -23.0198 8.075 0.0893701
  323 -22.9372 7.947 0.0879534
  324 -22.8545 7.879 0.0872008
  325 -22.7719 8.05 0.0890934
  326 -22.6892 8.116 0.0898238
  327 -22.6065 8.013 0.0886839
  328 -22.5239 8.114 0.0898017
  329 -22.4412 8.106 0.0897132
  330 -22.3586 8.112 0.0897796
  331 -22.2759 8.084 0.0894697
  332 -22.1933 7.965 0.0881526
  333 -22.1106 8.078 0.0894033
  334 -22.0279 8.143 0.0901227
  335 -21.9453 8.091 0.0895471
  336 -21.8626 8.088 0.0895139
  337 -21.78 8.271 0.0915393
  338 -21.6973 8.256 0.0913733
  339 -21.6147 8.052 0.0891155
  340 -21.532 8.24 0.0911962
  341 -21.4494 8.151 0.0902112
  342 -21.3667 8.06 0.089204
  343 -21.284 8.101 0.0896578
  344 -21.2014 8.145 0.0901448
  345 -21.1187 8.129 0.0899677
  346 -21.0361 8.097 0.0896135
  347 -20.9534 8.157 0.0902776
  348 -20.8708 8.147 0.0901669
  349 -20.7881 8.255 0.0913622
  350 -20.7054 8.096 0.0896025
  351 -20.6228 8.275 0.0915836
  352 -20.5401 8.17 0.0904215
  353 -20.4575 8.129 0.0899677
  354 -20.3748 8.175 0.0904768
  355 -20.2922 8.112 0.0897796
  356 -20.2095 8.174 0.0904657
  357 -20.1268 8.282 0.091661
  358 -20.0442 8.248 0.0912847
  359 -19.9615 8.228 0.0910634
  360 -19.8789 8.135 0.0900341
  361 -19.7962 8.072 0.0893369
  362 -19.7136 8.057 0.0891708
  363 -19.6309 8.184 0.0905764
  364 -19.5483 8.005 0.0885953
  365 -19.4656 8.216 0.0909306
  366 -19.3829 8.156 0.0902665
  367 -19.3003 8.062 0.0892262
  368 -19.2176 8.261 0.0914286
  369 -19.135 7.952 0.0880088
  370 -19.0523 7.877 0.0871787
  371 -18.9697 8.059 0.089193
  372 -18.887 7.931 0.0877763
  373 -18.8043 8.226 0.0910413
  374 -18.7217 8.22 0.0909748
  375 -18.639 8.139 0.0900784
  376 -18.5564 8.021 0.0887724
  377 -18.4737 8.193 0.090676
  378 -18.3911 8.171 0.0904325
  379 -18.3084 8.409 0.0930666
  380 -18.2258 8.272 0.0915504
  381 -18.1431 8.195 0.0906982
  382 -18.0604 8.349 0.0924026
  383 -17.9778 8.399 0.0929559
  384 -17.8951 8.331 0.0922033
  385 -17.8125 8.22 0.0909748
  386 -17.7298 8.293 0.0917828
  387 -17.6472 8.302 0.0918824
  388 -17.5645 8.299 0.0918492
  389 -17.4818 8.479 0.0938413
  390 -17.3992 8.403 0.0930002
  391 -17.3165 8.308 0.0919488
  392 -17.2339 8.563 0.094771
  393 -17.1512 8.485 0.0939077
  394 -17.0686 8.436 0.0933654
  395 -16.9859 8.537 0.0944832
  396 -16.9032 8.396 0.0929227
  397 -16.8206 8.677 0.0960327
  398 -16.7379 8.723 0.0965418
  399 -16.6553 8.641 0.0956343
  400 -16.5726 8.701 0.0962983
  401 -16.49 8.799 0.0973829
  402 -16.4073 8.867 0.0981355
  403 -16.3247 8.788 0.0972612
  404 -16.242 8.749 0.0968296
  405 -16.1593 8.79 0.0972833
  406 -16.0767 8.987 0.0994636
  407 -15.994 9.164 0.101423
  408 -15.9114 8.911 0.0986225
  409 -15.8287 9.014 0.0997624
  410 -15.7461 8.894 0.0984343
  411 -15.6634 9.066 0.100338
  412 -15.5807 9.252 0.102397
  413 -15.4981 9.284 0.102751
  414 -15.4154 9.299 0.102917
  415 -15.3328 9.319 0.103138
  416 -15.2501 9.473 0.104842
  417 -15.1675 9.455 0.104643
  418 -15.0848 9.471 0.10482
  419 -15.0021 9.534 0.105518
  420 -14.9195 9.689 0.107233
  421 -14.8368 9.75 0.107908
  422 -14.7542 9.889 0.109447
  423 -14.6715 10.011 0.110797
  424 -14.5889 10.223 0.113143
  425 -14.5062 10.122 0.112025
  426 -14.4236 10.259 0.113541
  427 -14.3409 10.58 0.117094
  428 -14.2582 10.969 0.121399
  429 -14.1756 10.878 0.120392
  430 -14.0929 11.142 0.123314
  431 -14.0103 11.249 0.124498
  432 -13.9276 11.675 0.129213
  433 -13.845 11.84 0.131039
  434 -13.7623 12.166 0.134647
  435 -13.6796 12.447 0.137757
  436 -13.597 12.64 0.139893
  437 -13.5143 12.959 0.143424
  438 -13.4317 13.291 0.147098
  439 -13.349 13.222 0.146334
  440 -13.2664 13.778 0.152488
  441 -13.1837 13.97 0.154613
  442 -13.101 14.337 0.158675
  443 -13.0184 14.582 0.161386
  444 -12.9357 15.083 0.166931
  445 -12.8531 15.396 0.170395
  446 -12.7704 15.977 0.176825
  447 -12.6878 16.12 0.178408
  448 -12.6051 16.5 0.182614
  449 -12.5225 16.94 0.187483
  450 -12.4398 17.321 0.1917
  451 -12.3571 17.79 0.196891
  452 -12.2745 18.142 0.200787
  453 -12.1918 18.673 0.206663
  454 -12.1092 19.002 0.210305
  455 -12.0265 19.769 0.218793
  456 -11.9439 20.215 0.22373
  457 -11.8612 20.519 0.227094
  458 -11.7785 21.028 0.232727
  459 -11.6959 21.388 0.236712
  460 -11.6132 21.876 0.242113
  461 -11.5306 22.728 0.251542
  462 -11.4479 23.192 0.256677
  463 -11.3653 23.519 0.260297
  464 -11.2826 24.667 0.273002
  465 -11.2 24.798 0.274452
  466 -11.1173 25.237 0.27931
  467 -11.0346 25.745 0.284933
  468 -10.952 26.66 0.29506
  469 -10.8693 27.485 0.30419
  470 -10.7867 27.817 0.307865
  471 -10.704 28.337 0.31362
  472 -10.6214 28.849 0.319286
  473 -10.5387 29.618 0.327797
  474 -10.456 30.121 0.333364
  475 -10.3734 30.976 0.342827
  476 -10.2907 31.341 0.346867
  477 -10.2081 31.985 0.353994
  478 -10.1254 32.796 0.36297
  479 -10.0428 33.237 0.36785
  480 -9.9601 33.804 0.374126
  481 -9.87745 34.445 0.38122
  482 -9.79479 34.999 0.387351
  483 -9.71213 35.536 0.393295
  484 -9.62948 35.95 0.397877
  485 -9.54682 36.639 0.405502
  486 -9.46417 37.325 0.413094
  487 -9.38151 37.608 0.416227
  488 -9.29885 38.58 0.426984
  489 -9.2162 38.654 0.427803
  490 -9.13354 39.514 0.437321
  491 -9.05088 39.743 0.439856
  492 -8.96823 40.349 0.446563
  493 -8.88557 41.003 0.453801
  494 -8.80291 41.503 0.459334
  495 -8.72026 41.613 0.460552
  496 -8.6376 42.028 0.465145
  497 -8.55494 42.549 0.470911
  498 -8.47229 43.141 0.477463
  499 -8.38963 43.294 0.479156
  500 -8.30697 44.002 0.486992
  501 -8.22432 44.411 0.491519
  502 -8.14166 44.274 0.490002
  503 -8.05901 45.334 0.501734
  504 -7.97635 45.067 0.498779
  505 -7.89369 45.308 0.501446
  506 -7.81104 45.402 0.502487
  507 -7.72838 46.444 0.514019
  508 -7.64572 46.337 0.512835
  509 -7.56307 46.518 0.514838
  510 -7.48041 47.303 0.523526
  511 -7.39775 47.738 0.52834
  512 -7.3151 47.558 0.526348
  513 -7.23244 47.652 0.527389
  514 -7.14978 48.118 0.532546
  515 -7.06713 48.067 0.531982
  516 -6.98447 48.672 0.538677
  517 -6.90181 48.431 0.53601
  518 -6.81916 49.008 0.542396
  519 -6.7365 48.508 0.536862
  520 -6.65385 49.133 0.543779
  521 -6.57119 48.979 0.542075
  522 -6.48853 49.359 0.546281
  523 -6.40588 49.518 0.54804
  524 -6.32322 49.819 0.551372
  525 -6.24056 50.305 0.556751
  526 -6.15791 49.809 0.551261
  527 -6.07525 50.446 0.558311
  528 -5.99259 50.159 0.555135
  529 -5.90994 50.053 0.553962
  530 -5.82728 50.823 0.562484
  531 -5.74462 50.506 0.558975
  532 -5.66197 50.894 0.563269
  533 -5.57931 50.841 0.562683
  534 -5.49665 51.178 0.566413
  535 -5.414 51.059 0.565095
  536 -5.33134 50.854 0.562827
  537 -5.24869 51.242 0.567121
  538 -5.16603 51.153 0.566136
  539 -5.08337 50.896 0.563291
  540 -5.00072 51.348 0.568294
  541 -4.91806 51.524 0.570242
  542 -4.8354 51.28 0.567541
  543 -4.75275 52.026 0.575798
  544 -4.67009 51.601 0.571094
  545 -4.58743 51.73 0.572522
  546 -4.50478 51.682 0.571991
  547 -4.42212 51.966 0.575134
  548 -4.33946 51.807 0.573374
  549 -4.25681 51.703 0.572223
  550 -4.17415 51.319 0.567973
  551 -4.0915 51.672 0.57188
  552 -4.00884 52.302 0.578852
  553 -3.92618 52.019 0.57572
  554 -3.84353 52.306 0.578897
  555 -3.76087 52.212 0.577856
  556 -3.67821 52.164 0.577325
  557 -3.59556 52.364 0.579539
  558 -3.5129 51.792 0.573208
  559 -3.43024 52.054 0.576108
  560 -3.34759 52.098 0.576595
  561 -3.26493 52.182 0.577524
  562 -3.18227 51.803 0.57333
  563 -3.09962 52.28 0.578609
  564 -3.01696 52.415 0.580103
  565 -2.9343 52.849 0.584906
  566 -2.85165 52.741 0.583711
  567 -2.76899 52.413 0.580081
  568 -2.68634 52.348 0.579361
  569 -2.60368 52.583 0.581962
  570 -2.52102 52.562 0.58173
  571 -2.43837 52.2 0.577723
  572 -2.35571 52.123 0.576871
  573 -2.27305 52.652 0.582726
  574 -2.1904 52.17 0.577391
  575 -2.10774 52.454 0.580535
  576 -2.02508 52.703 0.58329
  577 -1.94243 52.569 0.581807
  578 -1.85977 52.547 0.581564
  579 -1.77711 52.911 0.585592
  580 -1.69446 52.539 0.581475
  581 -1.6118 52.381 0.579727
  582 -1.52914 52.314 0.578985
  583 -1.44649 52.416 0.580114
  584 -1.36383 52.85 0.584917
  585 -1.28118 52.382 0.579738
  586 -1.19852 53.266 0.589521
  587 -1.11586 52.686 0.583102
  588 -1.03321 52.674 0.582969
  589 -0.950549 52.762 0.583943
  590 -0.867893 52.487 0.5809
  591 -0.785236 52.358 0.579472
  592 -0.70258 52.442 0.580402
  593 -0.619923 52.695 0.583202
  594 -0.537267 52.599 0.582139
  595 -0.454611 52.692 0.583169
  596 -0.371954 52.35 0.579384
  597 -0.289298 52.487 0.5809
  598 -0.206641 52.077 0.576362
  599 -0.123985 52.797 0.584331
  600 -0.0413282 52.502 0.581066
  601 0.0413282 52.474 0.580756
  602 0.123985 52.157 0.577248
  603 0.206641 52.787 0.58422
  604 0.289298 52.231 0.578067
  605 0.371954 52.348 0.579361
  606 0.454611 52.422 0.58018
  607 0.537267 52.322 0.579074
  608 0.619923 52.86 0.585028
  609 0.70258 51.985 0.575344
  610 0.785236 52.384 0.57976
  611 0.867893 52.538 0.581464
  612 0.950549 52.668 0.582903
  613 1.03321 52.442 0.580402
  614 1.11586 52.705 0.583313
  615 1.19852 52.629 0.582471
  616 1.28118 52.745 0.583755
  617 1.36383 52.55 0.581597
  618 1.44649 52.201 0.577735
  619 1.52914 52.205 0.577779
  620 1.6118 52.767 0.583999
  621 1.69446 52.302 0.578852
  622 1.77711 52.387 0.579793
  623 1.85977 52.583 0.581962
  624 1.94243 52.347 0.57935
  625 2.02508 52.172 0.577414
  626 2.10774 51.99 0.575399
  627 2.1904 52.518 0.581243
  628 2.27305 52.553 0.58163
  629 2.35571 52.736 0.583656
  630 2.43837 52.811 0.584486
  631 2.52102 52.562 0.58173
  632 2.60368 52.394 0.579871
  633 2.68634 52.542 0.581509
  634 2.76899 51.808 0.573385
  635 2.85165 52.159 0.57727
  636 2.9343 52.404 0.579981
  637 3.01696 52.203 0.577757
  638 3.09962 52.495 0.580988
  639 3.18227 52.261 0.578399
  640 3.26493 52.649 0.582693
  641 3.34759 52.453 0.580524
  642 3.43024 52.699 0.583246
  643 3.5129 51.834 0.573673
  644 3.59556 51.779 0.573064
  645 3.67821 51.938 0.574824
  646 3.76087 52.469 0.580701
  647 3.84353 51.968 0.575156
  648 3.92618 51.45 0.569423
  649 4.00884 51.931 0.574746
  650 4.0915 52.279 0.578598
  651 4.17415 51.799 0.573285
  652 4.25681 51.771 0.572976
  653 4.33946 51.744 0.572677
  654 4.42212 51.457 0.5695
  655 4.50478 51.586 0.570928
  656 4.58743 51.399 0.568858
  657 4.67009 51.248 0.567187
  658 4.75275 51.41 0.56898
  659 4.8354 51.239 0.567088
  660 4.91806 50.484 0.558732
  661 5.00072 50.91 0.563446
  662 5.08337 50.974 0.564155
  663 5.16603 51.035 0.56483
  664 5.24869 50.465 0.558521
  665 5.33134 50.543 0.559385
  666 5.414 50.16 0.555146
  667 5.49665 50.007 0.553452
  668 5.57931 49.975 0.553098
  669 5.66197 49.603 0.548981
  670 5.74462 49.541 0.548295
  671 5.82728 49.664 0.549656
  672 5.90994 49.23 0.544853
  673 5.99259 48.783 0.539906
  674 6.07525 48.739 0.539419
  675 6.15791 48.992 0.542219
  676 6.24056 48.494 0.536707
  677 6.32322 48.412 0.5358
  678 6.40588 47.718 0.528119
  679 6.48853 47.517 0.525894
  680 6.57119 47.527 0.526005
  681 6.65385 46.957 0.519697
  682 6.7365 46.788 0.517826
  683 6.81916 46.348 0.512956
  684 6.90181 46.414 0.513687
  685 6.98447 45.667 0.50542
  686 7.06713 45.676 0.505519
  687 7.14978 45.264 0.500959
  688 7.23244 44.32 0.490512
  689 7.3151 44.458 0.492039
  690 7.39775 43.746 0.484159
  691 7.48041 43.814 0.484911
  692 7.56307 43.215 0.478282
  693 7.64572 42.402 0.469284
  694 7.72838 42.382 0.469063
  695 7.81104 41.627 0.460707
  696 7.89369 41.198 0.455959
  697 7.97635 40.471 0.447913
  698 8.05901 40.17 0.444581
  699 8.14166 39.916 0.44177
  700 8.22432 39.178 0.433603
  701 8.30697 38.776 0.429153
  702 8.38963 38.214 0.422933
  703 8.47229 37.815 0.418518
  704 8.55494 37.441 0.414378
  705 8.6376 36.457 0.403488
  706 8.72026 35.989 0.398308
  707 8.80291 35.374 0.391502
  708 8.88557 34.753 0.384629
  709 8.96823 34.059 0.376948
  710 9.05088 33.371 0.369334
  711 9.13354 32.903 0.364154
  712 9.2162 32.248 0.356905
  713 9.29885 31.468 0.348272
  714 9.38151 31.319 0.346623
  715 9.46417 30.723 0.340027
  716 9.54682 30.468 0.337205
  717 9.62948 29.315 0.324444
  718 9.71213 28.688 0.317504
  719 9.79479 28.352 0.313786
  720 9.87745 27.461 0.303925
  721 9.9601 26.754 0.2961
  722 10.0428 26.204 0.290013
  723 10.1254 26.107 0.288939
  724 10.2081 25.029 0.277008
  725 10.2907 24.716 0.273544
  726 10.3734 24.084 0.26655
  727 10.456 23.556 0.260706
  728 10.5387 22.924 0.253711
  729 10.6214 22.388 0.247779
  730 10.704 21.73 0.240497
  731 10.7867 21.258 0.235273
  732 10.8693 20.815 0.23037
  733 10.952 20.262 0.22425
  734 11.0346 19.713 0.218174
  735 11.1173 19.274 0.213315
  736 11.2 18.785 0.207903
  737 11.2826 18.456 0.204262
  738 11.3653 18.231 0.201772
  739 11.4479 17.439 0.193006
  740 11.5306 17.039 0.188579
  741 11.6132 16.841 0.186388
  742 11.6959 16.133 0.178552
  743 11.7785 16.127 0.178486
  744 11.8612 15.473 0.171247
  745 11.9439 15.194 0.16816
  746 12.0265 15.028 0.166322
  747 12.1092 14.329 0.158586
  748 12.1918 14.376 0.159106
  749 12.2745 13.821 0.152964
  750 12.3571 13.53 0.149743
  751 12.4398 13.381 0.148094
  752 12.5225 13.099 0.144973
  753 12.6051 12.553 0.13893
  754 12.6878 12.476 0.138078
  755 12.7704 12.28 0.135909
  756 12.8531 12.021 0.133042
  757 12.9357 11.756 0.13011
  758 13.0184 11.541 0.12773
  759 13.101 11.696 0.129445
  760 13.1837 11.328 0.125373
  761 13.2664 11.365 0.125782
  762 13.349 11.023 0.121997
  763 13.4317 10.769 0.119186
  764 13.5143 10.714 0.118577
  765 13.597 10.604 0.11736
  766 13.6796 10.335 0.114383
  767 13.7623 9.989 0.110553
  768 13.845 9.856 0.109081
  769 13.9276 10.017 0.110863
  770 14.0103 9.743 0.107831
  771 14.0929 9.783 0.108273
  772 14.1756 9.638 0.106669
  773 14.2582 9.533 0.105506
  774 14.3409 9.442 0.104499
  775 14.4236 9.228 0.102131
  776 14.5062 9.225 0.102098
  777 14.5889 9.03 0.0999395
  778 14.6715 9.009 0.0997071
  779 14.7542 8.844 0.097881
  780 14.8368 8.905 0.0985561
  781 14.9195 8.764 0.0969956
  782 15.0021 8.654 0.0957781
  783 15.0848 8.813 0.0975379
  784 15.1675 8.656 0.0958003
  785 15.2501 8.698 0.0962651
  786 15.3328 8.779 0.0971616
  787 15.4154 8.517 0.0942619
  788 15.4981 8.364 0.0925686
  789 15.5807 8.406 0.0930334
  790 15.6634 8.256 0.0913733
  791 15.7461 8.098 0.0896246
  792 15.8287 8.184 0.0905764
  793 15.9114 8.119 0.089857
  794 15.994 8.059 0.089193
  795 16.0767 8.163 0.090344
  796 16.1593 8.129 0.0899677
  797 16.242 8.248 0.0912847
  798 16.3247 8.116 0.0898238
  799 16.4073 8.004 0.0885843
  800 16.49 8.137 0.0900562
  801 16.5726 8.146 0.0901559
  802 16.6553 8.104 0.089691
  803 16.7379 8.108 0.0897353
  804 16.8206 8.13 0.0899788
  805 16.9032 8.003 0.0885732
  806 16.9859 7.953 0.0880198
  807 17.0686 7.999 0.0885289
  808 17.1512 7.947 0.0879534
  809 17.2339 8.027 0.0888388
  810 17.3165 7.956 0.088053
  811 17.3992 8.052 0.0891155
  812 17.4818 7.965 0.0881526
  813 17.5645 7.988 0.0884072
  814 17.6472 8.02 0.0887613
  815 17.7298 7.748 0.085751
  816 17.8125 7.972 0.0882301
  817 17.8951 7.888 0.0873004
  818 17.9778 7.918 0.0876325
  819 18.0604 7.961 0.0881084
  820 18.1431 7.912 0.0875661
  821 18.2258 7.785 0.0861605
  822 18.3084 8.054 0.0891376
  823 18.3911 8.011 0.0886617
  824 18.4737 8.1 0.0896467
  825 18.5564 7.864 0.0870348
  826 18.639 7.981 0.0883297
  827 18.7217 7.877 0.0871787
  828 18.8043 7.854 0.0869241
  829 18.887 8.029 0.088861
  830 18.9697 7.843 0.0868024
  831 19.0523 7.887 0.0872894
  832 19.135 7.858 0.0869684
  833 19.2176 7.825 0.0866032
  834 19.3003 8.115 0.0898128
  835 19.3829 7.932 0.0877874
  836 19.4656 8.057 0.0891708
  837 19.5483 8.04 0.0889827
  838 19.6309 8.151 0.0902112
  839 19.7136 8.266 0.091484
  840 19.7962 8.175 0.0904768
  841 19.8789 8.056 0.0891598
  842 19.9615 8.228 0.0910634
  843 20.0442 8.077 0.0893922
  844 20.1268 8.045 0.089038
  845 20.2095 7.982 0.0883408
  846 20.2922 7.984 0.0883629
  847 20.3748 7.985 0.088374
  848 20.4575 8.143 0.0901227
  849 20.5401 8.024 0.0888056
  850 20.6228 7.996 0.0884957
  851 20.7054 8.095 0.0895914
  852 20.7881 8.006 0.0886064
  853 20.8708 8.076 0.0893811
  854 20.9534 7.981 0.0883297
  855 21.0361 7.993 0.0884625
  856 21.1187 7.943 0.0879092
  857 21.2014 8.056 0.0891598
  858 21.284 7.98 0.0883186
  859 21.3667 8.066 0.0892705
  860 21.4494 7.83 0.0866585
  861 21.532 7.961 0.0881084
  862 21.6147 7.89 0.0873226
  863 21.6973 7.921 0.0876657
  864 21.78 7.82 0.0865478
  865 21.8626 8.084 0.0894697
  866 21.9453 7.876 0.0871676
  867 22.0279 7.944 0.0879202
  868 22.1106 7.721 0.0854522
  869 22.1933 8 0.08854
  870 22.2759 7.852 0.086902
  871 22.3586 7.774 0.0860387
  872 22.4412 7.921 0.0876657
  873 22.5239 7.814 0.0864814
  874 22.6065 7.879 0.0872008
  875 22.6892 7.698 0.0851976
  876 22.7719 7.763 0.085917
  877 22.8545 7.855 0.0869352
  878 22.9372 7.872 0.0871234
  879 23.0198 7.815 0.0864925
  880 23.1025 7.853 0.0869131
  881 23.1851 7.773 0.0860277
  882 23.2678 7.967 0.0881748
  883 23.3505 7.859 0.0869795
  884 23.4331 7.728 0.0855296
  885 23.5158 7.967 0.0881748
  886 23.5984 7.732 0.0855739
  887 23.6811 7.759 0.0858727
  888 23.7637 7.65 0.0846664
  889 23.8464 7.8 0.0863265
  890 23.929 7.747 0.0857399
  891 24.0117 7.676 0.0849541
  892 24.0944 7.682 0.0850205
  893 24.177 7.726 0.0855075
  894 24.2597 7.823 0.0865811
  895 24.3423 7.671 0.0848988
  896 24.425 7.757 0.0858506
  897 24.5076 7.769 0.0859834
  898 24.5903 7.697 0.0851865
  899 24.673 7.81 0.0864372
  900 24.7556 7.747 0.0857399
  901 24.8383 7.657 0.0847438
  902 24.9209 7.682 0.0850205
  903 25.0036 7.679 0.0849873
  904 25.0862 7.774 0.0860387
  905 25.1689 7.668 0.0848656
  906 25.2516 7.624 0.0843786
  907 25.3342 7.844 0.0868135
  908 25.4169 7.81 0.0864372
  909 25.4995 7.869 0.0870902
  910 25.5822 7.767 0.0859613
  911 25.6648 7.946 0.0879424
  912 25.7475 7.79 0.0862158
  913 25.8301 7.79 0.0862158
  914 25.9128 7.819 0.0865368
  915 25.9955 7.734 0.085596
  916 26.0781 7.987 0.0883961
  917 26.1608 7.766 0.0859502
  918 26.2434 7.811 0.0864482
  919 26.3261 7.693 0.0851423
  920 26.4087 7.789 0.0862048
  921 26.4914 7.765 0.0859391
  922 26.5741 7.913 0.0875771
  923 26.6567 7.868 0.0870791
  924 26.7394 7.74 0.0856625
  925 26.822 7.878 0.0871898
  926 26.9047 7.812 0.0864593
  927 26.9873 7.748 0.085751
  928 27.07 7.601 0.0841241
  929 27.1526 7.606 0.0841794
  930 27.2353 7.525 0.0832829
  931 27.318 7.503 0.0830395
  932 27.4006 7.498 0.0829841
  933 27.4833 7.615 0.084279
  934 27.5659 7.421 0.0821319
  935 27.6486 7.503 0.0830395
  936 27.7312 7.466 0.08263
  937 27.8139 7.526 0.083294
  938 27.8966 7.383 0.0817114
  939 27.9792 7.522 0.0832497
  940 28.0619 7.54 0.0834489
  941 28.1445 7.571 0.083792
  942 28.2272 7.409 0.0819991
  943 28.3098 7.39 0.0817888
  944 28.3925 7.516 0.0831833
  945 28.4752 7.5 0.0830062
  946 28.5578 7.407 0.081977
  947 28.6405 7.325 0.0810694
  948 28.7231 7.31 0.0809034
  949 28.8058 7.326 0.0810805
  950 28.8884 7.452 0.082475
  951 28.9711 7.424 0.0821651
  952 29.0537 7.506 0.0830727
  953 29.1364 7.486 0.0828513
  954 29.2191 7.494 0.0829398
  955 29.3017 7.482 0.082807
  956 29.3844 7.685 0.0850537
  957 29.467 7.556 0.083626
  958 29.5497 7.478 0.0827628
  959 29.6323 7.295 0.0807374
  960 29.715 7.424 0.0821651
  961 29.7977 7.561 0.0836814
  962 29.8803 7.29 0.0806821
  963 29.963 7.495 0.0829509
  964 30.0456 7.435 0.0822869
  965 30.1283 7.614 0.0842679
  966 30.2109 7.474 0.0827185
  967 30.2936 7.585 0.083947
  968 30.3763 7.593 0.0840355
  969 30.4589 7.702 0.0852419
  970 30.5416 7.523 0.0832608
  971 30.6242 7.6 0.084113
  972 30.7069 7.495 0.0829509
  973 30.7895 7.609 0.0842126
  974 30.8722 7.694 0.0851533
  975 30.9548 7.598 0.0840909
  976 31.0375 7.474 0.0827185
  977 31.1202 7.572 0.0838031
  978 31.2028 7.713 0.0853636
  979 31.2855 7.571 0.083792
  980 31.3681 7.458 0.0825414
  981 31.4508 7.705 0.0852751
  982 31.5334 7.495 0.0829509
  983 31.6161 7.679 0.0849873
  984 31.6988 7.718 0.085419
  985 31.7814 7.545 0.0835043
  986 31.8641 7.614 0.0842679
  987 31.9467 7.724 0.0854854
  988 32.0294 7.63 0.084445
  989 32.112 7.594 0.0840466
  990 32.1947 7.685 0.0850537
  991 32.2773 7.632 0.0844672
  992 32.36 7.437 0.082309
  993 32.4427 7.636 0.0845114
  994 32.5253 7.726 0.0855075
  995 32.608 7.498 0.0829841
  996 32.6906 7.74 0.0856625
  997 32.7733 7.55 0.0835596
  998 32.8559 7.529 0.0833272
  999 32.9386 7.478 0.0827628
  1000 33.0213 7.404 0.0819438
  1001 33.1039 7.561 0.0836814
  1002 33.1866 7.48 0.0827849
  1003 33.2692 7.478 0.0827628
  1004 33.3519 7.642 0.0845778
  1005 33.4345 7.531 0.0833493
  1006 33.5172 7.487 0.0828624
  1007 33.5999 7.535 0.0833936
  1008 33.6825 7.641 0.0845668
  1009 33.7652 7.525 0.0832829
  1010 33.8478 7.72 0.0854411
  1011 33.9305 7.738 0.0856403
  1012 34.0131 7.559 0.0836592
  1013 34.0958 7.695 0.0851644
  1014 34.1784 7.447 0.0824197
  1015 34.2611 7.57 0.083781
  1016 34.3438 7.446 0.0824086
  1017 34.4264 7.468 0.0826521
  1018 34.5091 7.482 0.082807
  1019 34.5917 7.521 0.0832387
  1020 34.6744 7.719 0.08543
  1021 34.757 7.581 0.0839027
  1022 34.8397 7.491 0.0829066
  1023 34.9224 7.526 0.083294
  1024 35.005 7.482 0.082807
  1025 35.0877 7.619 0.0843233
  1026 35.1703 7.402 0.0819216
  1027 35.253 7.662 0.0847992
  1028 35.3356 7.668 0.0848656
  1029 35.4183 7.436 0.0822979
  1030 35.501 7.474 0.0827185
  1031 35.5836 7.547 0.0835264
  1032 35.6663 7.532 0.0833604
  1033 35.7489 7.584 0.0839359
  1034 35.8316 7.288 0.0806599
  1035 35.9142 7.585 0.083947
  1036 35.9969 7.462 0.0825857
  1037 36.0795 7.554 0.0836039
  1038 36.1622 7.733 0.085585
  1039 36.2449 7.696 0.0851755
  1040 36.3275 7.635 0.0845004
  1041 36.4102 7.713 0.0853636
  1042 36.4928 7.472 0.0826964
  1043 36.5755 7.469 0.0826632
  1044 36.6581 7.607 0.0841905
  1045 36.7408 7.385 0.0817335
  1046 36.8235 7.476 0.0827406
  1047 36.9061 7.512 0.0831391
  1048 36.9888 7.556 0.083626
  1049 37.0714 7.438 0.0823201
  1050 37.1541 7.384 0.0817224
  1051 37.2367 7.451 0.0824639
  1052 37.3194 7.461 0.0825746
  1053 37.4021 7.379 0.0816671
  1054 37.4847 7.142 0.0790441
  1055 37.5674 7.52 0.0832276
  1056 37.65 7.597 0.0840798
  1057 37.7327 7.492 0.0829177
  1058 37.8153 7.417 0.0820876
  1059 37.898 7.571 0.083792
  1060 37.9806 7.414 0.0820544
  1061 38.0633 7.475 0.0827296
  1062 38.146 7.575 0.0838363
  1063 38.2286 7.471 0.0826853
  1064 38.3113 7.466 0.08263
  1065 38.3939 7.397 0.0818663
  1066 38.4766 7.413 0.0820434
  1067 38.5592 7.403 0.0819327
  1068 38.6419 7.421 0.0821319
  1069 38.7246 7.414 0.0820544
  1070 38.8072 7.406 0.0819659
  1071 38.8899 7.619 0.0843233
  1072 38.9725 7.479 0.0827738
  1073 39.0552 7.396 0.0818552
  1074 39.1378 7.273 0.0804939
  1075 39.2205 7.536 0.0834047
  1076 39.3031 7.624 0.0843786
  1077 39.3858 7.452 0.082475
  1078 39.4685 7.532 0.0833604
  1079 39.5511 7.57 0.083781
  1080 39.6338 7.503 0.0830395
  1081 39.7164 7.543 0.0834822
  1082 39.7991 7.61 0.0842237
  1083 39.8817 7.351 0.0813572
  1084 39.9644 7.352 0.0813683
  1085 40.0471 7.459 0.0825525
  1086 40.1297 7.431 0.0822426
  1087 40.2124 7.381 0.0816892
  1088 40.295 7.518 0.0832055
  1089 40.3777 7.349 0.0813351
  1090 40.4603 7.546 0.0835154
  1091 40.543 7.554 0.0836039
  1092 40.6257 7.392 0.081811
  1093 40.7083 7.355 0.0814015
  1094 40.791 7.641 0.0845668
  1095 40.8736 7.574 0.0838252
  1096 40.9563 7.551 0.0835707
  1097 41.0389 7.509 0.0831059
  1098 41.1216 7.388 0.0817667
  1099 41.2042 7.489 0.0828845
  1100 41.2869 7.41 0.0820102
  1101 41.3696 7.477 0.0827517
  1102 41.4522 7.509 0.0831059
  1103 41.5349 7.54 0.0834489
  1104 41.6175 7.661 0.0847881
  1105 41.7002 7.484 0.0828292
  1106 41.7828 7.831 0.0866696
  1107 41.8655 7.545 0.0835043
  1108 41.9482 7.412 0.0820323
  1109 42.0308 7.66 0.084777
  1110 42.1135 7.486 0.0828513
  1111 42.1961 7.48 0.0827849
  1112 42.2788 7.42 0.0821208
  1113 42.3614 7.539 0.0834379
  1114 42.4441 7.545 0.0835043
  1115 42.5268 7.423 0.0821541
  1116 42.6094 7.519 0.0832165
  1117 42.6921 7.499 0.0829952
  1118 42.7747 7.598 0.0840909
  1119 42.8574 7.528 0.0833161
  1120 42.94 7.4 0.0818995
  1121 43.0227 7.656 0.0847328
  1122 43.1053 7.357 0.0814236
  1123 43.188 7.405 0.0819548
  1124 43.2707 7.522 0.0832497
  1125 43.3533 7.49 0.0828956
  1126 43.436 7.368 0.0815453
  1127 43.5186 7.4 0.0818995
  1128 43.6013 7.425 0.0821762
  1129 43.6839 7.474 0.0827185
  1130 43.7666 7.521 0.0832387
  1131 43.8493 7.501 0.0830173
  1132 43.9319 7.462 0.0825857
  1133 44.0146 7.538 0.0834268
  1134 44.0972 7.604 0.0841573
  1135 44.1799 7.64 0.0845557
  1136 44.2625 7.677 0.0849652
  1137 44.3452 7.748 0.085751
  1138 44.4279 7.657 0.0847438
  1139 44.5105 7.693 0.0851423
  1140 44.5932 7.592 0.0840245
  1141 44.6758 7.641 0.0845668
  1142 44.7585 7.699 0.0852087
  1143 44.8411 7.435 0.0822869
  1144 44.9238 7.457 0.0825303
  1145 45.0064 7.478 0.0827628
  1146 45.0891 7.538 0.0834268
  1147 45.1718 7.414 0.0820544
  1148 45.2544 7.735 0.0856071
  1149 45.3371 7.668 0.0848656
  1150 45.4197 7.607 0.0841905
  1151 45.5024 7.633 0.0844782
  1152 45.585 7.632 0.0844672
  1153 45.6677 7.664 0.0848213
  1154 45.7504 7.612 0.0842458
  1155 45.833 7.585 0.083947
  1156 45.9157 7.519 0.0832165
  1157 45.9983 7.74 0.0856625
  1158 46.081 7.693 0.0851423
  1159 46.1636 7.565 0.0837256
  1160 46.2463 7.536 0.0834047
  1161 46.3289 7.698 0.0851976
  1162 46.4116 7.592 0.0840245
  1163 46.4943 7.729 0.0855407
  1164 46.5769 7.621 0.0843454
  1165 46.6596 7.581 0.0839027
  1166 46.7422 7.569 0.0837699
  1167 46.8249 7.559 0.0836592
  1168 46.9075 7.586 0.0839581
  1169 46.9902 7.561 0.0836814
  1170 47.0729 7.599 0.0841019
  1171 47.1555 7.545 0.0835043
  1172 47.2382 7.544 0.0834932
  1173 47.3208 7.363 0.08149
  1174 47.4035 7.53 0.0833383
  1175 47.4861 7.419 0.0821098
  1176 47.5688 7.556 0.083626
  1177 47.6515 7.574 0.0838252
  1178 47.7341 7.766 0.0859502
  1179 47.8168 7.626 0.0844008
  1180 47.8994 7.487 0.0828624
  1181 47.9821 7.547 0.0835264
  1182 48.0647 7.48 0.0827849
  1183 48.1474 7.658 0.0847549
  1184 48.23 7.387 0.0817556
  1185 48.3127 7.504 0.0830505
  1186 48.3954 7.673 0.0849209
  1187 48.478 7.414 0.0820544
  1188 48.5607 7.501 0.0830173
  1189 48.6433 7.646 0.0846221
  1190 48.726 7.561 0.0836814
  1191 48.8086 7.409 0.0819991
  1192 48.8913 7.285 0.0806267
  1193 48.974 7.386 0.0817446
  1194 49.0566 7.308 0.0808813
  1195 49.1393 7.381 0.0816892
  1196 49.2219 7.324 0.0810584
  1197 49.3046 7.492 0.0829177
  1198 49.3872 7.43 0.0822315
  1199 49.4699 7.364 0.0815011
  1200 49.5526 7.298 0.0807706
3000000 1200 20000
  1 -49.5526 8.433 0.0933322
  2 -49.4699 8.529 0.0943947
  3 -49.3872 8.369 0.0926239
  4 -49.3046 8.403 0.0930002
  5 -49.2219 8.385 0.092801
  6 -49.1393 8.536 0.0944722
  7 -49.0566 8.52 0.0942951
  8 -48.974 8.305 0.0919156
  9 -48.8913 8.589 0.0950588
  10 -48.8086 8.36 0.0925243
  11 -48.726 8.477 0.0938192
  12 -48.6433 8.276 0.0915946
  13 -48.5607 8.37 0.092635
  14 -48.478 8.291 0.0917606
  15 -48.3954 8.451 0.0935314
  16 -48.3127 8.45 0.0935204
  17 -48.23 8.359 0.0925132
  18 -48.1474 8.26 0.0914176
  19 -48.0647 8.342 0.0923251
  20 -47.9821 8.486 0.0939188
  21 -47.8994 8.28 0.0916389
  22 -47.8168 8.359 0.0925132
  23 -47.7341 8.375 0.0926903
  24 -47.6515 8.361 0.0925354
  25 -47.5688 8.268 0.0915061
  26 -47.4861 8.251 0.0913179
  27 -47.4035 8.154 0.0902444
  28 -47.3208 8.178 0.09051
  29 -47.2382 8.023 0.0887946
  30 -47.1555 8.03 0.088872
  31 -47.0729 8.106 0.0897132
  32 -46.9902 8.105 0.0897021
  33 -46.9075 8.149 0.0901891
  34 -46.8249 8.071 0.0893258
  35 -46.7422 8.244 0.0912405
  36 -46.6596 8.055 0.0891487
  37 -46.5769 8.099 0.0896357
  38 -46.4943 8.034 0.0889163
  39 -46.4116 7.926 0.087721
  40 -46.3289 7.994 0.0884736
  41 -46.2463 7.997 0.0885068
  42 -46.1636 8.04 0.0889827
  43 -46.081 7.81 0.0864372
  44 -45.9983 7.88 0.0872119
  45 -45.9157 7.903 0.0874665
  46 -45.833 7.962 0.0881194
  47 -45.7504 7.954 0.0880309
  48 -45.6677 8.042 0.0890048
  49 -45.585 7.93 0.0877653
  50 -45.5024 7.953 0.0880198
  51 -45.4197 7.948 0.0879645
  52 -45.3371 7.962 0.0881194
  53 -45.2544 7.975 0.0882633
  54 -45.1718 7.97 0.088208
  55 -45.0891 7.971 0.088219
  56 -45.0064 7.815 0.0864925
  57 -44.9238 8.001 0.0885511
  58 -44.8411 7.751 0.0857842
  59 -44.7585 8.069 0.0893037
  60 -44.6758 8.003 0.0885732
  61 -44.5932 8.028 0.0888499
  62 -44.5105 8.2 0.0907535
  63 -44.4279 8.107 0.0897242
  64 -44.3452 8.073 0.0893479
  65 -44.2625 8.18 0.0905321
  66 -44.1799 7.973 0.0882412
  67 -44.0972 7.839 0.0867581
  68 -44.0146 8.023 0.0887946
  69 -43.9319 7.922 0.0876767
  70 -43.8493 7.956 0.088053
  71 -43.7666 8.168 0.0903993
  72 -43.6839 8.074 0.089359
  73 -43.6013 8.127 0.0899456
  74 -43.5186 8.102 0.0896689
  75 -43.436 8.082 0.0894475
  76 -43.3533 7.987 0.0883961
  77 -43.2707 8.152 0.0902223
  78 -43.188 7.896 0.087389
  79 -43.1053 8.042 0.0890048
  80 -43.0227 7.983 0.0883519
  81 -42.94 8.004 0.0885843
  82 -42.8574 8.201 0.0907646
  83 -42.7747 8.149 0.0901891
  84 -42.6921 8.013 0.0886839
  85 -42.6094 8.124 0.0899124
  86 -42.5268 7.963 0.0881305
  87 -42.4441 8.046 0.0890491
  88 -42.3614 8.209 0.0908531
  89 -42.2788 8.087 0.0895029
  90 -42.1961 8.172 0.0904436
  91 -42.1135 7.884 0.0872562
  92 -42.0308 8.188 0.0906207
  93 -41.9482 8.193 0.090676
  94 -41.8655 8.232 0.0911077
  95 -41.7828 8.185 0.0905875
  96 -41.7002 8.1 0.0896467
  97 -41.6175 8.13 0.0899788
  98 -41.5349 8.015 0.088706
  99 -41.4522 8.087 0.0895029
  100 -41.3696 8.371 0.092646
  101 -41.2869 8.215 0.0909195
  102 -41.2042 8.122 0.0898902
  103 -41.1216 8.178 0.09051
  104 -41.0389 8.155 0.0902555
  105 -40.9563 8.242 0.0912183
  106 -40.8736 8.13 0.0899788
  107 -40.791 8.183 0.0905654
  108 -40.7083 8.103 0.08968
  109 -40.6257 8.17 0.0904215
  110 -40.543 8.232 0.0911077
  111 -40.4603 8.091 0.0895471
  112 -40.3777 8.058 0.0891819
  113 -40.295 8.151 0.0902112
  114 -40.2124 8.102 0.0896689
  115 -40.1297 8.085 0.0894807
  116 -40.0471 8.27 0.0915282
  117 -39.9644 8.261 0.0914286
  118 -39.8817 8.245 0.0912515
  119 -39.7991 8.135 0.0900341
  120 -39.7164 8.163 0.090344
  121 -39.6338 8.096 0.0896025
  122 -39.5511 8.266 0.091484
  123 -39.4685 8.227 0.0910523
  124 -39.3858 8.109 0.0897464
  125 -39.3031 8.142 0.0901116
  126 -39.2205 8.121 0.0898792
  127 -39.1378 8.213 0.0908974
  128 -39.0552 8.211 0.0908752
  129 -38.9725 8.149 0.0901891
  130 -38.8899 8.4 0.092967
  131 -38.8072 8.312 0.0919931
  132 -38.7246 8.224 0.0910191
  133 -38.6419 8.261 0.0914286
  134 -38.5592 8.209 0.0908531
  135 -38.4766 8.247 0.0912737
  136 -38.3939 8.162 0.0903329
  137 -38.3113 8.267 0.091495
  138 -38.2286 8.181 0.0905432
  139 -38.146 8.19 0.0906428
  140 -38.0633 8.116 0.0898238
  141 -37.9806 8.23 0.0910855
  142 -37.898 8.131 0.0899898
  143 -37.8153 8.375 0.0926903
  144 -37.7327 8.155 0.0902555
  145 -37.65 8.292 0.0917717
  146 -37.5674 8.384 0.0927899
  147 -37.4847 8.408 0.0930555
  148 -37.4021 8.285 0.0916942
  149 -37.3194 8.239 0.0911851
  150 -37.2367 8.238 0.0911741
  151 -37.1541 8.279 0.0916278
  152 -37.0714 8.331 0.0922033
  153 -36.9888 8.139 0.0900784
  154 -36.9061 8.323 0.0921148
  155 -36.8235 8.138 0.0900673
  156 -36.7408 8.354 0.0924579
  157 -36.6581 8.366 0.0925907
  158 -36.5755 8.288 0.0917274
  159 -36.4928 8.164 0.0903551
  160 -36.4102 8.441 0.0934208
  161 -36.3275 8.279 0.0916278
  162 -36.2449 8.259 0.0914065
  163 -36.1622 8.381 0.0927567
  164 -36.0795 8.389 0.0928453
  165 -35.9969 8.275 0.0915836
  166 -35.9142 8.269 0.0915172
  167 -35.8316 8.4 0.092967
  168 -35.7489 8.328 0.0921701
  169 -35.6663 8.245 0.0912515
  170 -35.5836 8.154 0.0902444
  171 -35.501 8.411 0.0930887
  172 -35.4183 8.269 0.0915172
  173 -35.3356 8.278 0.0916168
  174 -35.253 8.414 0.0931219
  175 -35.1703 8.249 0.0912958
  176 -35.0877 8.336 0.0922587
  177 -35.005 8.347 0.0923804
  178 -34.9224 8.245 0.0912515
  179 -34.8397 8.229 0.0910745
  180 -34.757 8.224 0.0910191
  181 -34.6744 8.296 0.091816
  182 -34.5917 8.178 0.09051
  183 -34.5091 8.241 0.0912073
  184 -34.4264 8.161 0.0903219
  185 -34.3438 8.212 0.0908863
  186 -34.2611 8.162 0.0903329
  187 -34.1784 8.044 0.089027
  188 -34.0958 8.219 0.0909638
  189 -34.0131 8.237 0.091163
  190 -33.9305 8.2 0.0907535
  191 -33.8478 8.229 0.0910745
  192 -33.7652 8.186 0.0905986
  193 -33.6825 8.375 0.0926903
  194 -33.5999 8.212 0.0908863
  195 -33.5172 8.199 0.0907424
  196 -33.4345 8.025 0.0888167
  197 -33.3519 8.215 0.0909195
  198 -33.2692 8.166 0.0903772
  199 -33.1866 8.14 0.0900894
  200 -33.1039 8.194 0.0906871
  201 -33.0213 8.016 0.0887171
  202 -32.9386 8.065 0.0892594
  203 -32.8559 7.944 0.0879202
  204 -32.7733 8.118 0.089846
  205 -32.6906 8.266 0.091484
  206 -32.608 8.062 0.0892262
  207 -32.5253 8.265 0.0914729
  208 -32.4427 8.226 0.0910413
  209 -32.36 8.142 0.0901116
  210 -32.2773 8.292 0.0917717
  211 -32.1947 8.113 0.0897906
  212 -32.112 8.117 0.0898349
  213 -32.0294 8.186 0.0905986
  214 -31.9467 7.889 0.0873115
  215 -31.8641 8.004 0.0885843
  216 -31.7814 8.148 0.090178
  217 -31.6988 8.228 0.0910634
  218 -31.6161 8.269 0.0915172
  219 -31.5334 8.115 0.0898128
  220 -31.4508 8.275 0.0915836
  221 -31.3681 8.326 0.092148
  222 -31.2855 8.143 0.0901227
  223 -31.2028 8.24 0.0911962
  224 -31.1202 8.083 0.0894586
  225 -31.0375 8.199 0.0907424
  226 -30.9548 8.075 0.0893701
  227 -30.8722 8.126 0.0899345
  228 -30.7895 8.139 0.0900784
  229 -30.7069 8.128 0.0899566
  230 -30.6242 8.187 0.0906096
  231 -30.5416 8.16 0.0903108
  232 -30.4589 8.209 0.0908531
  233 -30.3763 8.181 0.0905432
  234 -30.2936 8.134 0.090023
  235 -30.2109 8.041 0.0889938
  236 -30.1283 8.427 0.0932658
  237 -30.0456 8.362 0.0925464
  238 -29.963 8.323 0.0921148
  239 -29.8803 8.281 0.09165
  240 -29.7977 8.389 0.0928453
  241 -29.715 8.438 0.0933876
  242 -29.6323 8.273 0.0915614
  243 -29.5497 8.253 0.0913401
  244 -29.467 8.387 0.0928231
  245 -29.3844 8.442 0.0934318
  246 -29.3017 8.24 0.0911962
  247 -29.2191 8.61 0.0952912
  248 -29.1364 8.461 0.0936421
  249 -29.0537 8.322 0.0921037
  250 -28.9711 8.532 0.0944279
  251 -28.8884 8.478 0.0938303
  252 -28.8058 8.372 0.0926571
  253 -28.7231 8.533 0.094439
  254 -28.6405 8.461 0.0936421
  255 -28.5578 8.485 0.0939077
  256 -28.4752 8.515 0.0942398
  257 -28.3925 8.454 0.0935646
  258 -28.3098 8.452 0.0935425
  259 -28.2272 8.54 0.0945164
  260 -28.1445 8.674 0.0959995
  261 -28.0619 8.406 0.0930334
  262 -27.9792 8.676 0.0960216
  263 -27.8966 8.531 0.0944168
  264 -27.8139 8.533 0.094439
  265 -27.7312 8.503 0.094107
  266 -27.6486 8.576 0.0949149
  267 -27.5659 8.568 0.0948263
  268 -27.4833 8.538 0.0944943
  269 -27.4006 8.554 0.0946714
  270 -27.318 8.51 0.0941844
  271 -27.2353 8.535 0.0944611
  272 -27.1526 8.448 0.0934982
  273 -27.07 8.435 0.0933544
  274 -26.9873 8.458 0.0936089
  275 -26.9047 8.469 0.0937307
  276 -26.822 8.369 0.0926239
  277 -26.7394 8.378 0.0927235
  278 -26.6567 8.21 0.0908642
  279 -26.5741 8.272 0.0915504
  280 -26.4914 8.477 0.0938192
  281 -26.4087 8.338 0.0922808
  282 -26.3261 8.266 0.091484
  283 -26.2434 8.304 0.0919045
  284 -26.1608 8.057 0.0891708
  285 -26.0781 8.236 0.0911519
  286 -25.9955 8.277 0.0916057
  287 -25.9128 8.316 0.0920373
  288 -25.8301 8.248 0.0912847
  289 -25.7475 8.121 0.0898792
  290 -25.6648 8.194 0.0906871
  291 -25.5822 8.268 0.0915061
  292 -25.4995 8.289 0.0917385
  293 -25.4169 8.184 0.0905764
  294 -25.3342 8.127 0.0899456
  295 -25.2516 8.116 0.0898238
  296 -25.1689 8.28 0.0916389
  297 -25.0862 8.341 0.092314
  298 -25.0036 8.134 0.090023
  299 -24.9209 8.102 0.0896689
  300 -24.8383 8.05 0.0890934
  301 -24.7556 8.181 0.0905432
  302 -24.673 8.038 0.0889606
  303 -24.5903 8.057 0.0891708
  304 -24.5076 8.239 0.0911851
  305 -24.425 8.389 0.0928453
  306 -24.3423 8.223 0.0910081
  307 -24.2597 8.24 0.0911962
  308 -24.177 8.289 0.0917385
  309 -24.0944 8.268 0.0915061
  310 -24.0117 8.256 0.0913733
  311 -23.929 8.198 0.0907314
  312 -23.8464 8.414 0.0931219
  313 -23.7637 8.281 0.09165
  314 -23.6811 8.366 0.0925907
  315 -23.5984 8.42 0.0931883
  316 -23.5158 8.212 0.0908863
  317 -23.4331 8.246 0.0912626
  318 -23.3505 8.121 0.0898792
  319 -23.2678 8.181 0.0905432
  320 -23.1851 8.093 0.0895693
  321 -23.1025 8.457 0.0935978
  322 -23.0198 8.394 0.0929006
  323 -22.9372 8.4 0.092967
  324 -22.8545 8.298 0.0918381
  325 -22.7719 8.436 0.0933654
  326 -22.6892 8.5 0.0940737
  327 -22.6065 8.646 0.0956896
  328 -22.5239 8.364 0.0925686
  329 -22.4412 8.48 0.0938524
  330 -22.3586 8.523 0.0943283
  331 -22.2759 8.404 0.0930113
  332 -22.1933 8.507 0.0941512
  333 -22.1106 8.556 0.0946935
  334 -22.0279 8.714 0.0964422
  335 -21.9453 8.447 0.0934872
  336 -21.8626 8.472 0.0937639
  337 -21.78 8.467 0.0937085
  338 -21.6973 8.499 0.0940627
  339 -21.6147 8.492 0.0939852
  340 -21.532 8.359 0.0925132
  341 -21.4494 8.309 0.0919599
  342 -21.3667 8.488 0.0939409
  343 -21.284 8.502 0.0940959
  344 -21.2014 8.475 0.0937971
  345 -21.1187 8.385 0.092801
  346 -21.0361 8.282 0.091661
  347 -20.9534 8.508 0.0941623
  348 -20.8708 8.382 0.0927678
  349 -20.7881 8.441 0.0934208
  350 -20.7054 8.472 0.0937639
  351 -20.6228 8.431 0.0933101
  352 -20.5401 8.636 0.0955789
  353 -20.4575 8.67 0.0959552
  354 -20.3748 8.759 0.0969402
  355 -20.2922 8.761 0.0969624
  356 -20.2095 8.546 0.0945829
  357 -20.1268 8.91 0.0986114
  358 -20.0442 8.806 0.0974604
  359 -19.9615 8.891 0.0984011
  360 -19.8789 8.874 0.098213
  361 -19.7962 8.843 0.0978699
  362 -19.7136 8.826 0.0976818
  363 -19.6309 9.075 0.100438
  364 -19.5483 9.148 0.101245
  365 -19.4656 9.041 0.100061
  366 -19.3829 8.941 0.0989545
  367 -19.3003 8.999 0.0995964
  368 -19.2176 9.259 0.102474
  369 -19.135 9.086 0.100559
  370 -19.0523 9.227 0.10212
  371 -18.9697 9.261 0.102496
  372 -18.887 9.255 0.10243
  373 -18.8043 9.088 0.100581
  374 -18.7217 9.115 0.10088
  375 -18.639 9.155 0.101323
  376 -18.5564 9.335 0.103315
  377 -18.4737 9.305 0.102983
  378 -18.3911 9.201 0.101832
  379 -18.3084 9.359 0.103581
  380 -18.2258 9.216 0.101998
  381 -18.1431 9.385 0.103868
  382 -18.0604 9.371 0.103714
  383 -17.9778 9.212 0.101954
  384 -17.8951 9.227 0.10212
  385 -17.8125 9.138 0.101135
  386 -17.7298 9.195 0.101766
  387 -17.6472 9.189 0.101699
  388 -17.5645 9.176 0.101555
  389 -17.4818 9.379 0.103802
  390 -17.3992 9.232 0.102175
  391 -17.3165 9.184 0.101644
  392 -17.2339 9.235 0.102208
  393 -17.1512 9.187 0.101677
  394 -17.0686 9.259 0.102474
  395 -16.9859 9.283 0.10274
  396 -16.9032 9.23 0.102153
  397 -16.8206 9.117 0.100902
  398 -16.7379 9.344 0.103415
  399 -16.6553 9.305 0.102983
  400 -16.5726 9.166 0.101445
  401 -16.49 9.148 0.101245
  402 -16.4073 9.435 0.104422
  403 -16.3247 9.419 0.104245
  404 -16.242 9.234 0.102197
  405 -16.1593 9.332 0.103282
  406 -16.0767 9.366 0.103658
  407 -15.994 9.537 0.105551
  408 -15.9114 9.453 0.104621
  409 -15.8287 9.655 0.106857
  410 -15.7461 9.633 0.106613
  411 -15.6634 9.579 0.106016
  412 -15.5807 9.85 0.109015
  413 -15.4981 9.939 0.11
  414 -15.4154 9.737 0.107764
  415 -15.3328 10.005 0.11073
  416 -15.2501 10.035 0.111062
  417 -15.1675 10.233 0.113254
  418 -15.0848 10.293 0.113918
  419 -15.0021 10.316 0.114172
  420 -14.9195 10.306 0.114062
  421 -14.8368 10.595 0.11726
  422 -14.7542 10.552 0.116784
  423 -14.6715 10.673 0.118123
  424 -14.5889 10.925 0.120912
  425 -14.5062 11.116 0.123026
  426 -14.4236 11.219 0.124166
  427 -14.3409 11.362 0.125749
  428 -14.2582 11.627 0.128682
  429 -14.1756 11.714 0.129645
  430 -14.0929 11.913 0.131847
  431 -14.0103 11.978 0.132567
  432 -13.9276 12.079 0.133684
  433 -13.845 12.267 0.135765
  434 -13.7623 12.588 0.139318
  435 -13.6796 12.776 0.141398
  436 -13.597 13.045 0.144376
  437 -13.5143 13.11 0.145095
  438 -13.4317 13.263 0.146788
  439 -13.349 13.644 0.151005
  440 -13.2664 13.791 0.152632
  441 -13.1837 14.355 0.158874
  442 -13.101 14.694 0.162626
  443 -13.0184 15.082 0.16692
  444 -12.9357 15.012 0.166145
  445 -12.8531 15.635 0.17304
  446 -12.7704 15.861 0.175542
  447 -12.6878 16.404 0.181551
  448 -12.6051 16.413 0.181651
  449 -12.5225 16.816 0.186111
  450 -12.4398 17.243 0.190837
  451 -12.3571 17.412 0.192707
  452 -12.2745 17.79 0.196891
  453 -12.1918 18.44 0.204085
  454 -12.1092 18.667 0.206597
  455 -12.0265 19.261 0.213171
  456 -11.9439 19.291 0.213503
  457 -11.8612 20.103 0.22249
  458 -11.7785 20.364 0.225379
  459 -11.6959 20.91 0.231421
  460 -11.6132 20.924 0.231576
  461 -11.5306 21.778 0.241028
  462 -11.4479 21.939 0.24281
  463 -11.3653 22.551 0.249583
  464 -11.2826 22.749 0.251775
  465 -11.2 23.607 0.26127
  466 -11.1173 23.883 0.264325
  467 -11.0346 24.439 0.270479
  468 -10.952 25.344 0.280495
  469 -10.8693 25.468 0.281867
  470 -10.7867 25.877 0.286394
  471 -10.704 26.58 0.294174
  472 -10.6214 27.254 0.301634
  473 -10.5387 27.584 0.305286
  474 -10.456 27.882 0.308584
  475 -10.3734 28.413 0.314461
  476 -10.2907 28.979 0.320725
  477 -10.2081 29.548 0.327022
  478 -10.1254 30.367 0.336087
  479 -10.0428 30.786 0.340724
  480 -9.9601 31.142 0.344664
  481 -9.87745 31.957 0.353684
  482 -9.79479 32.491 0.359594
  483 -9.71213 33.034 0.365604
  484 -9.62948 33.468 0.370407
  485 -9.54682 34.305 0.379671
  486 -9.46417 34.5 0.381829
  487 -9.38151 35.112 0.388602
  488 -9.29885 35.694 0.395043
  489 -9.2162 35.798 0.396194
  490 -9.13354 36.74 0.40662
  491 -9.05088 36.991 0.409398
  492 -8.96823 37.673 0.416946
  493 -8.88557 38.065 0.421284
  494 -8.80291 38.924 0.430791
  495 -8.72026 39.498 0.437144
  496 -8.6376 39.776 0.440221
  497 -8.55494 40.019 0.44291
  498 -8.47229 40.801 0.451565
  499 -8.38963 40.86 0.452218
  500 -8.30697 41.216 0.456158
  501 -8.22432 41.938 0.464149
  502 -8.14166 42.409 0.469362
  503 -8.05901 42.698 0.47256
  504 -7.97635 43.423 0.480584
  505 -7.89369 43.772 0.484447
  506 -7.81104 43.98 0.486749
  507 -7.72838 44.618 0.49381
  508 -7.64572 44.826 0.496112
  509 -7.56307 45.228 0.500561
  510 -7.48041 45.33 0.50169
  511 -7.39775 45.659 0.505331
  512 -7.3151 46.172 0.511009
  513 -7.23244 46.061 0.50978
  514 -7.14978 46.486 0.514484
  515 -7.06713 46.669 0.516509
  516 -6.98447 47.434 0.524976
  517 -6.90181 47.51 0.525817
  518 -6.81916 47.825 0.529303
  519 -6.7365 48.292 0.534472
  520 -6.65385 48.111 0.532468
  521 -6.57119 48.156 0.532967
  522 -6.48853 48.384 0.53549
  523 -6.40588 48.366 0.535291
  524 -6.32322 48.622 0.538124
  525 -6.24056 49.612 0.549081
  526 -6.15791 49.045 0.542806
  527 -6.07525 49.475 0.547565
  528 -5.99259 49.744 0.550542
  529 -5.90994 49.696 0.55001
  530 -5.82728 50.554 0.559506
  531 -5.74462 50.36 0.557359
  532 -5.66197 49.774 0.550874
  533 -5.57931 50.349 0.557238
  534 -5.49665 50.584 0.559838
  535 -5.414 50.238 0.556009
  536 -5.33134 50.394 0.557736
  537 -5.24869 50.744 0.561609
  538 -5.16603 50.889 0.563214
  539 -5.08337 50.866 0.562959
  540 -5.00072 51.111 0.565671
  541 -4.91806 50.747 0.561642
  542 -4.8354 51.226 0.566944
  543 -4.75275 51.211 0.566778
  544 -4.67009 51.479 0.569744
  545 -4.58743 51.226 0.566944
  546 -4.50478 51.257 0.567287
  547 -4.42212 50.903 0.563369
  548 -4.33946 51.435 0.569257
  549 -4.25681 51.175 0.566379
  550 -4.17415 51.241 0.56711
  551 -4.0915 51.154 0.566147
  552 -4.00884 51.197 0.566623
  553 -3.92618 51.665 0.571802
  554 -3.84353 51.862 0.573983
  555 -3.76087 51.657 0.571714
  556 -3.67821 51.937 0.574813
  557 -3.59556 51.811 0.573418
  558 -3.5129 51.663 0.57178
  559 -3.43024 51.859 0.573949
  560 -3.34759 51.72 0.572411
  561 -3.26493 51.463 0.569567
  562 -3.18227 51.525 0.570253
  563 -3.09962 51.271 0.567442
  564 -3.01696 51.819 0.573507
  565 -2.9343 51.554 0.570574
  566 -2.85165 51.745 0.572688
  567 -2.76899 52.119 0.576827
  568 -2.68634 51.553 0.570563
  569 -2.60368 51.833 0.573662
  570 -2.52102 51.455 0.569478
  571 -2.43837 52.401 0.579948
  572 -2.35571 51.576 0.570817
  573 -2.27305 51.924 0.574669
  574 -2.1904 51.702 0.572212
  575 -2.10774 51.987 0.575366
  576 -2.02508 52.3 0.57883
  577 -1.94243 52.167 0.577358
  578 -1.85977 52.276 0.578565
  579 -1.77711 52.345 0.579328
  580 -1.69446 52.351 0.579395
  581 -1.6118 52.351 0.579395
  582 -1.52914 51.863 0.573994
  583 -1.44649 52.315 0.578996
  584 -1.36383 52.096 0.576572
  585 -1.28118 52.468 0.58069
  586 -1.19852 52.438 0.580358
  587 -1.11586 52.58 0.581929
  588 -1.03321 52.389 0.579815
  589 -0.950549 52.479 0.580811
  590 -0.867893 52.339 0.579262
  591 -0.785236 52.46 0.580601
  592 -0.70258 52.333 0.579195
  593 -0.619923 52.264 0.578432
  594 -0.537267 52.604 0.582195
  595 -0.454611 52.273 0.578531
  596 -0.371954 52.755 0.583866
  597 -0.289298 52.304 0.578875
  598 -0.206641 52.82 0.584585
  599 -0.123985 52.317 0.579018
  600 -0.0413282 52.641 0.582604
  601 0.0413282 52.198 0.577701
  602 0.123985 52.399 0.579926
  603 0.206641 52.296 0.578786
  604 0.289298 52.255 0.578332
  605 0.371954 52.639 0.582582
  606 0.454611 52.437 0.580346
  607 0.537267 52.282 0.578631
  608 0.619923 52.1 0.576617
  609 0.70258 52.306 0.578897
  610 0.785236 52.976 0.586312
  611 0.867893 52.495 0.580988
  612 0.950549 52.435 0.580324
  613 1.03321 52.825 0.584641
  614 1.11586 52.028 0.57582
  615 1.19852 52.113 0.576761
  616 1.28118 52.075 0.57634
  617 1.36383 52.081 0.576406
  618 1.44649 52.307 0.578908
  619 1.52914 52.086 0.576462
  620 1.6118 52.076 0.576351
  621 1.69446 51.998 0.575488
  622 1.77711 52.398 0.579915
  623 1.85977 51.867 0.574038
  624 1.94243 51.717 0.572378
  625 2.02508 52.151 0.577181
  626 2.10774 51.772 0.572987
  627 2.1904 51.949 0.574946
  628 2.27305 51.963 0.575101
  629 2.35571 52.051 0.576074
  630 2.43837 52.03 0.575842
  631 2.52102 51.797 0.573263
  632 2.60368 51.772 0.572987
  633 2.68634 51.735 0.572577
  634 2.76899 52.104 0.576661
  635 2.85165 51.711 0.572311
  636 2.9343 51.682 0.571991
  637 3.01696 51.575 0.570806
  638 3.09962 51.617 0.571271
  639 3.18227 51.538 0.570397
  640 3.26493 51.826 0.573584
  641 3.34759 51.561 0.570651
  642 3.43024 51.258 0.567298
  643 3.5129 50.73 0.561454
  644 3.59556 51.279 0.56753
  645 3.67821 50.829 0.56255
  646 3.76087 51.065 0.565162
  647 3.84353 50.491 0.558809
  648 3.92618 51.118 0.565748
  649 4.00884 50.78 0.562008
  650 4.0915 51.205 0.566711
  651 4.17415 50.697 0.561089
  652 4.25681 50.242 0.556053
  653 4.33946 50.089 0.55436
  654 4.42212 50.452 0.558378
  655 4.50478 50.218 0.555788
  656 4.58743 49.828 0.551471
  657 4.67009 50.064 0.554083
  658 4.75275 49.768 0.550807
  659 4.8354 48.913 0.541345
  660 4.91806 49.291 0.545528
  661 5.00072 48.972 0.541998
  662 5.08337 48.798 0.540072
  663 5.16603 48.488 0.536641
  664 5.24869 47.812 0.529159
  665 5.33134 47.817 0.529215
  666 5.414 47.935 0.530521
  667 5.49665 48.036 0.531638
  668 5.57931 47.254 0.522984
  669 5.66197 47.132 0.521633
  670 5.74462 46.75 0.517406
  671 5.82728 46.076 0.509946
  672 5.90994 45.783 0.506703
  673 5.99259 45.606 0.504744
  674 6.07525 45.141 0.499598
  675 6.15791 44.634 0.493987
  676 6.24056 44.657 0.494241
  677 6.32322 44.411 0.491519
  678 6.40588 44.422 0.49164
  679 6.48853 43.502 0.481458
  680 6.57119 43.086 0.476854
  681 6.65385 42.616 0.471653
  682 6.7365 42.475 0.470092
  683 6.81916 41.519 0.459512
  684 6.90181 41.3 0.457088
  685 6.98447 40.906 0.452727
  686 7.06713 40.27 0.445688
  687 7.14978 39.845 0.440985
  688 7.23244 39.421 0.436292
  689 7.3151 39.361 0.435628
  690 7.39775 38.48 0.425877
  691 7.48041 38.149 0.422214
  692 7.56307 37.884 0.419281
  693 7.64572 36.786 0.407129
  694 7.72838 36.045 0.398928
  695 7.81104 35.909 0.397423
  696 7.89369 35.014 0.387517
  697 7.97635 34.614 0.38309
  698 8.05901 34.038 0.376716
  699 8.14166 33.297 0.368515
  700 8.22432 33.019 0.365438
  701 8.30697 32.407 0.358664
  702 8.38963 31.734 0.351216
  703 8.47229 31.429 0.34784
  704 8.55494 30.969 0.342749
  705 8.6376 30.278 0.335102
  706 8.72026 29.687 0.328561
  707 8.80291 28.697 0.317604
  708 8.88557 28.263 0.312801
  709 8.96823 27.485 0.30419
  710 9.05088 27.335 0.30253
  711 9.13354 26.819 0.296819
  712 9.2162 26.402 0.292204
  713 9.29885 25.968 0.287401
  714 9.38151 25.372 0.280805
  715 9.46417 24.599 0.272249
  716 9.54682 23.862 0.264093
  717 9.62948 23.635 0.26158
  718 9.71213 23.038 0.254973
  719 9.79479 22.296 0.246761
  720 9.87745 21.757 0.240796
  721 9.9601 21.289 0.235616
  722 10.0428 20.728 0.229407
  723 10.1254 20.454 0.226375
  724 10.2081 19.975 0.221073
  725 10.2907 19.575 0.216646
  726 10.3734 19.112 0.211522
  727 10.456 18.472 0.204439
  728 10.5387 18.201 0.20144
  729 10.6214 17.439 0.193006
  730 10.704 17.116 0.189431
  731 10.7867 16.666 0.184451
  732 10.8693 16.016 0.177257
  733 10.952 15.878 0.17573
  734 11.0346 15.617 0.172841
  735 11.1173 14.955 0.165514
  736 11.2 14.594 0.161519
  737 11.2826 14.417 0.15956
  738 11.3653 14.112 0.156185
  739 11.4479 13.718 0.151824
  740 11.5306 13.575 0.150241
  741 11.6132 13.107 0.145062
  742 11.6959 13.176 0.145825
  743 11.7785 12.666 0.140181
  744 11.8612 12.354 0.136728
  745 11.9439 12.144 0.134404
  746 12.0265 11.711 0.129611
  747 12.1092 11.699 0.129479
  748 12.1918 11.541 0.12773
  749 12.2745 11.611 0.128505
  750 12.3571 11.314 0.125218
  751 12.4398 10.929 0.120957
  752 12.5225 11.074 0.122561
  753 12.6051 10.832 0.119883
  754 12.6878 10.569 0.116972
  755 12.7704 10.611 0.117437
  756 12.8531 10.224 0.113154
  757 12.9357 10.188 0.112756
  758 13.0184 10.1 0.111782
  759 13.101 9.881 0.109358
  760 13.1837 9.824 0.108727
  761 13.2664 9.817 0.10865
  762 13.349 9.862 0.109148
  763 13.4317 9.743 0.107831
  764 13.5143 9.697 0.107322
  765 13.597 9.523 0.105396
  766 13.6796 9.483 0.104953
  767 13.7623 9.492 0.105053
  768 13.845 9.297 0.102895
  769 13.9276 9.366 0.103658
  770 14.0103 9.454 0.104632
  771 14.0929 9.378 0.103791
  772 14.1756 9.359 0.103581
  773 14.2582 9.313 0.103072
  774 14.3409 9.093 0.100637
  775 14.4236 9.09 0.100604
  776 14.5062 9.226 0.102109
  777 14.5889 9.008 0.099696
  778 14.6715 9.097 0.100681
  779 14.7542 8.876 0.0982351
  780 14.8368 9.313 0.103072
  781 14.9195 8.954 0.0990984
  782 15.0021 9.042 0.100072
  783 15.0848 9.064 0.100316
  784 15.1675 8.842 0.0978588
  785 15.2501 8.926 0.0987885
  786 15.3328 8.671 0.0959663
  787 15.4154 8.9 0.0985007
  788 15.4981 8.893 0.0984233
  789 15.5807 8.886 0.0983458
  790 15.6634 8.682 0.096088
  791 15.7461 8.498 0.0940516
  792 15.8287 8.565 0.0947931
  793 15.9114 8.821 0.0976264
  794 15.994 8.809 0.0974936
  795 16.0767 8.659 0.0958335
  796 16.1593 8.674 0.0959995
  797 16.242 8.495 0.0940184
  798 16.3247 8.886 0.0983458
  799 16.4073 8.705 0.0963426
  800 16.49 8.658 0.0958224
  801 16.5726 8.578 0.094937
  802 16.6553 8.579 0.0949481
  803 16.7379 8.772 0.0970841
  804 16.8206 8.871 0.0981798
  805 16.9032 8.649 0.0957228
  806 16.9859 8.692 0.0961987
  807 17.0686 8.74 0.0967299
  808 17.1512 8.647 0.0957007
  809 17.2339 8.741 0.096741
  810 17.3165 8.664 0.0958888
  811 17.3992 8.735 0.0966746
  812 17.4818 8.66 0.0958445
  813 17.5645 8.803 0.0974272
  814 17.6472 8.682 0.096088
  815 17.7298 8.772 0.0970841
  816 17.8125 8.534 0.09445
  817 17.8951 8.637 0.09559
  818 17.9778 8.748 0.0968185
  819 18.0604 8.668 0.0959331
  820 18.1431 8.685 0.0961212
  821 18.2258 8.817 0.0975821
  822 18.3084 8.673 0.0959884
  823 18.3911 8.703 0.0963205
  824 18.4737 8.753 0.0968738
  825 18.5564 8.98 0.0993861
  826 18.639 8.842 0.0978588
  827 18.7217 8.903 0.098534
  828 18.8043 8.701 0.0962983
  829 18.887 8.865 0.0981134
  830 18.9697 8.8 0.097394
  831 19.0523 8.874 0.098213
  832 19.135 8.813 0.0975379
  833 19.2176 9.011 0.0997292
  834 19.3003 8.891 0.0984011
  835 19.3829 8.808 0.0974825
  836 19.4656 8.657 0.0958113
  837 19.5483 8.749 0.0968296
  838 19.6309 8.87 0.0981687
  839 19.7136 8.772 0.0970841
  840 19.7962 8.698 0.0962651
  841 19.8789 8.645 0.0956785
  842 19.9615 8.894 0.0984343
  843 20.0442 8.81 0.0975047
  844 20.1268 8.801 0.0974051
  845 20.2095 8.674 0.0959995
  846 20.2922 8.798 0.0973719
  847 20.3748 8.725 0.0965639
  848 20.4575 8.837 0.0978035
  849 20.5401 8.703 0.0963205
  850 20.6228 8.882 0.0983015
  851 20.7054 8.827 0.0976928
  852 20.7881 8.809 0.0974936
  853 20.8708 8.835 0.0977814
  854 20.9534 8.704 0.0963315
  855 21.0361 8.815 0.09756
  856 21.1187 8.812 0.0975268
  857 21.2014 8.783 0.0972059
  858 21.284 8.667 0.095922
  859 21.3667 8.967 0.0992423
  860 21.4494 8.772 0.0970841
  861 21.532 8.815 0.09756
  862 21.6147 8.668 0.0959331
  863 21.6973 8.83 0.097726
  864 21.78 8.859 0.098047
  865 21.8626 8.862 0.0980802
  866 21.9453 8.782 0.0971948
  867 22.0279 8.862 0.0980802
  868 22.1106 8.88 0.0982794
  869 22.1933 8.732 0.0966414
  870 22.2759 8.708 0.0963758
  871 22.3586 8.915 0.0986668
  872 22.4412 8.725 0.0965639
  873 22.5239 8.684 0.0961102
  874 22.6065 8.729 0.0966082
  875 22.6892 8.748 0.0968185
  876 22.7719 8.599 0.0951694
  877 22.8545 8.714 0.0964422
  878 22.9372 8.456 0.0935868
  879 23.0198 8.56 0.0947378
  880 23.1025 8.545 0.0945718
  881 23.1851 8.586 0.0950256
  882 23.2678 8.61 0.0952912
  883 23.3505 8.556 0.0946935
  884 23.4331 8.437 0.0933765
  885 23.5158 8.442 0.0934318
  886 23.5984 8.558 0.0947157
  887 23.6811 8.644 0.0956675
  888 23.7637 8.55 0.0946271
  889 23.8464 8.593 0.095103
  890 23.929 8.593 0.095103
  891 24.0117 8.489 0.093952
  892 24.0944 8.621 0.0954129
  893 24.177 8.616 0.0953576
  894 24.2597 8.537 0.0944832
  895 24.3423 8.529 0.0943947
  896 24.425 8.479 0.0938413
  897 24.5076 8.569 0.0948374
  898 24.5903 8.604 0.0952248
  899 24.673 8.513 0.0942176
  900 24.7556 8.7 0.0962872
  901 24.8383 8.636 0.0955789
  902 24.9209 8.694 0.0962208
  903 25.0036 8.615 0.0953465
  904 25.0862 8.482 0.0938745
  905 25.1689 8.663 0.0958778
  906 25.2516 8.525 0.0943504
  907 25.3342 8.624 0.0954461
  908 25.4169 8.668 0.0959331
  909 25.4995 8.512 0.0942066
  910 25.5822 8.697 0.096254
  911 25.6648 8.457 0.0935978
  912 25.7475 8.624 0.0954461
  913 25.8301 8.445 0.093465
  914 25.9128 8.594 0.0951141
  915 25.9955 8.526 0.0943615
  916 26.0781 8.663 0.0958778
  917 26.1608 8.399 0.0929559
  918 26.2434 8.595 0.0951252
  919 26.3261 8.519 0.094284
  920 26.4087 8.474 0.093786
  921 26.4914 8.417 0.0931551
  922 26.5741 8.532 0.0944279
  923 26.6567 8.485 0.0939077
  924 26.7394 8.695 0.0962319
  925 26.822 8.399 0.0929559
  926 26.9047 8.446 0.0934761
  927 26.9873 8.478 0.0938303
  928 27.07 8.444 0.093454
  929 27.1526 8.341 0.092314
  930 27.2353 8.287 0.0917164
  931 27.318 8.315 0.0920263
  932 27.4006 8.296 0.091816
  933 27.4833 8.326 0.092148
  934 27.5659 8.362 0.0925464
  935 27.6486 8.332 0.0922144
  936 27.7312 8.524 0.0943394
  937 27.8139 8.523 0.0943283
  938 27.8966 8.364 0.0925686
  939 27.9792 8.626 0.0954683
  940 28.0619 8.502 0.0940959
  941 28.1445 8.382 0.0927678
  942 28.2272 8.35 0.0924136
  943 28.3098 8.304 0.0919045
  944 28.3925 8.365 0.0925796
  945 28.4752 8.285 0.0916942
  946 28.5578 8.189 0.0906318
  947 28.6405 8.225 0.0910302
  948 28.7231 8.313 0.0920041
  949 28.8058 8.403 0.0930002
  950 28.8884 8.393 0.0928895
  951 28.9711 8.453 0.0935536
  952 29.0537 8.458 0.0936089
  953 29.1364 8.362 0.0925464
  954 29.2191 8.334 0.0922365
  955 29.3017 8.36 0.0925243
  956 29.3844 8.379 0.0927346
  957 29.467 8.524 0.0943394
  958 29.5497 8.373 0.0926682
  959 29.6323 8.373 0.0926682
  960 29.715 8.479 0.0938413
  961 29.7977 8.397 0.0929338
  962 29.8803 8.427 0.0932658
  963 29.963 8.426 0.0932548
  964 30.0456 8.456 0.0935868
  965 30.1283 8.411 0.0930887
  966 30.2109 8.756 0.096907
  967 30.2936 8.429 0.093288
  968 30.3763 8.474 0.093786
  969 30.4589 8.455 0.0935757
  970 30.5416 8.55 0.0946271
  971 30.6242 8.497 0.0940405
  972 30.7069 8.339 0.0922919
  973 30.7895 8.227 0.0910523
  974 30.8722 8.529 0.0943947
  975 30.9548 8.18 0.0905321
  976 31.0375 8.486 0.0939188
  977 31.1202 8.555 0.0946825
  978 31.2028 8.36 0.0925243
  979 31.2855 8.343 0.0923362
  980 31.3681 8.508 0.0941623
  981 31.4508 8.579 0.0949481
  982 31.5334 8.408 0.0930555
  983 31.6161 8.418 0.0931662
  984 31.6988 8.457 0.0935978
  985 31.7814 8.306 0.0919267
  986 31.8641 8.298 0.0918381
  987 31.9467 8.313 0.0920041
  988 32.0294 8.307 0.0919377
  989 32.112 8.37 0.092635
  990 32.1947 8.341 0.092314
  991 32.2773 8.286 0.0917053
  992 32.36 8.36 0.0925243
  993 32.4427 8.537 0.0944832
  994 32.5253 8.201 0.0907646
  995 32.608 8.354 0.0924579
  996 32.6906 8.099 0.0896357
  997 32.7733 8.268 0.0915061
  998 32.8559 8.105 0.0897021
  999 32.9386 8.082 0.0894475
  1000 33.0213 8.287 0.0917164
  1001 33.1039 8.33 0.0921923
  1002 33.1866 8.139 0.0900784
  1003 33.2692 8.221 0.0909859
  1004 33.3519 8.419 0.0931773
  1005 33.4345 8.161 0.0903219
  1006 33.5172 8.293 0.0917828
  1007 33.5999 8.26 0.0914176
  1008 33.6825 8.235 0.0911409
  1009 33.7652 8.064 0.0892483
  1010 33.8478 8.262 0.0914397
  1011 33.9305 8.246 0.0912626
  1012 34.0131 8.231 0.0910966
  1013 34.0958 8.233 0.0911187
  1014 34.1784 8.2 0.0907535
  1015 34.2611 8.173 0.0904547
  1016 34.3438 8.31 0.0919709
  1017 34.4264 8.293 0.0917828
  1018 34.5091 8.244 0.0912405
  1019 34.5917 8.196 0.0907092
  1020 34.6744 8.276 0.0915946
  1021 34.757 8.138 0.0900673
  1022 34.8397 8.202 0.0907756
  1023 34.9224 8.201 0.0907646
  1024 35.005 8.214 0.0909084
  1025 35.0877 8.09 0.0895361
  1026 35.1703 8.263 0.0914508
  1027 35.253 8.11 0.0897574
  1028 35.3356 8.323 0.0921148
  1029 35.4183 8.208 0.090842
  1030 35.501 8.27 0.0915282
  1031 35.5836 7.915 0.0875993
  1032 35.6663 8.082 0.0894475
  1033 35.7489 8.187 0.0906096
  1034 35.8316 8.182 0.0905543
  1035 35.9142 7.998 0.0885179
  1036 35.9969 8.172 0.0904436
  1037 36.0795 8.077 0.0893922
  1038 36.1622 7.979 0.0883076
  1039 36.2449 8.133 0.090012
  1040 36.3275 8.123 0.0899013
  1041 36.4102 8.077 0.0893922
  1042 36.4928 8.163 0.090344
  1043 36.5755 8.103 0.08968
  1044 36.6581 8.219 0.0909638
  1045 36.7408 8.16 0.0903108
  1046 36.8235 8.003 0.0885732
  1047 36.9061 8.003 0.0885732
  1048 36.9888 7.972 0.0882301
  1049 37.0714 8.133 0.090012
  1050 37.1541 8.18 0.0905321
  1051 37.2367 8.065 0.0892594
  1052 37.3194 8.096 0.0896025
  1053 37.4021 8.003 0.0885732
  1054 37.4847 8.013 0.0886839
  1055 37.5674 8.029 0.088861
  1056 37.65 8.082 0.0894475
  1057 37.7327 8.238 0.0911741
  1058 37.8153 8.145 0.0901448
  1059 37.898 8.112 0.0897796
  1060 37.9806 8.06 0.089204
  1061 38.0633 8.112 0.0897796
  1062 38.146 8.037 0.0889495
  1063 38.2286 8.139 0.0900784
  1064 38.3113 7.797 0.0862933
  1065 38.3939 8.117 0.0898349
  1066 38.4766 8.191 0.0906539
  1067 38.5592 8.023 0.0887946
  1068 38.6419 8.112 0.0897796
  1069 38.7246 8.098 0.0896246
  1070 38.8072 8.035 0.0889274
  1071 38.8899 8.309 0.0919599
  1072 38.9725 8.243 0.0912294
  1073 39.0552 8.339 0.0922919
  1074 39.1378 8.244 0.0912405
  1075 39.2205 8.192 0.090665
  1076 39.3031 8.071 0.0893258
  1077 39.3858 8.217 0.0909416
  1078 39.4685 8.16 0.0903108
  1079 39.5511 8.114 0.0898017
  1080 39.6338 8.195 0.0906982
  1081 39.7164 8.268 0.0915061
  1082 39.7991 8.107 0.0897242
  1083 39.8817 8.221 0.0909859
  1084 39.9644 8.223 0.0910081
  1085 40.0471 8.201 0.0907646
  1086 40.1297 8.213 0.0908974
  1087 40.2124 8.089 0.089525
  1088 40.295 8.14 0.0900894
  1089 40.3777 8.231 0.0910966
  1090 40.4603 8.089 0.089525
  1091 40.543 8.228 0.0910634
  1092 40.6257 8.009 0.0886396
  1093 40.7083 8.127 0.0899456
  1094 40.791 8.231 0.0910966
  1095 40.8736 8.203 0.0907867
  1096 40.9563 8.146 0.0901559
  1097 41.0389 8.178 0.09051
  1098 41.1216 8.049 0.0890823
  1099 41.2042 8.113 0.0897906
  1100 41.2869 8.14 0.0900894
  1101 41.3696 8.195 0.0906982
  1102 41.4522 8.177 0.0904989
  1103 41.5349 8.031 0.0888831
  1104 41.6175 7.967 0.0881748
  1105 41.7002 8.059 0.089193
  1106 41.7828 8.137 0.0900562
  1107 41.8655 7.979 0.0883076
  1108 41.9482 7.939 0.0878649
  1109 42.0308 8.083 0.0894586
  1110 42.1135 8.136 0.0900452
  1111 42.1961 8.069 0.0893037
  1112 42.2788 8.026 0.0888278
  1113 42.3614 7.961 0.0881084
  1114 42.4441 7.974 0.0882522
  1115 42.5268 7.96 0.0880973
  1116 42.6094 8.087 0.0895029
  1117 42.6921 7.92 0.0876546
  1118 42.7747 8.078 0.0894033
  1119 42.8574 8.078 0.0894033
  1120 42.94 7.993 0.0884625
  1121 43.0227 8.078 0.0894033
  1122 43.1053 8.019 0.0887503
  1123 43.188 7.902 0.0874554
  1124 43.2707 7.933 0.0877985
  1125 43.3533 7.873 0.0871344
  1126 43.436 7.826 0.0866143
  1127 43.5186 7.74 0.0856625
  1128 43.6013 7.921 0.0876657
  1129 43.6839 7.919 0.0876435
  1130 43.7666 8.14 0.0900894
  1131 43.8493 8.067 0.0892815
  1132 43.9319 7.988 0.0884072
  1133 44.0146 7.991 0.0884404
  1134 44.0972 7.915 0.0875993
  1135 44.1799 7.838 0.0867471
  1136 44.2625 7.847 0.0868467
  1137 44.3452 7.871 0.0871123
  1138 44.4279 7.804 0.0863708
  1139 44.5105 7.82 0.0865478
  1140 44.5932 7.805 0.0863818
  1141 44.6758 7.88 0.0872119
  1142 44.7585 8.01 0.0886507
  1143 44.8411 8.096 0.0896025
  1144 44.9238 8.067 0.0892815
  1145 45.0064 7.922 0.0876767
  1146 45.0891 8.125 0.0899234
  1147 45.1718 8.035 0.0889274
  1148 45.2544 8.116 0.0898238
  1149 45.3371 7.986 0.0883851
  1150 45.4197 8.143 0.0901227
  1151 45.5024 8.036 0.0889384
  1152 45.585 7.977 0.0882854
  1153 45.6677 8.123 0.0899013
  1154 45.7504 7.944 0.0879202
  1155 45.833 7.82 0.0865478
  1156 45.9157 8.056 0.0891598
  1157 45.9983 8.048 0.0890712
  1158 46.081 7.989 0.0884183
  1159 46.1636 7.906 0.0874997
  1160 46.2463 7.927 0.0877321
  1161 46.3289 8.062 0.0892262
  1162 46.4116 7.942 0.0878981
  1163 46.4943 8.026 0.0888278
  1164 46.5769 8.248 0.0912847
  1165 46.6596 8.062 0.0892262
  1166 46.7422 8.141 0.0901005
  1167 46.8249 8.202 0.0907756
  1168 46.9075 8.254 0.0913511
  1169 46.9902 8.314 0.0920152
  1170 47.0729 8.249 0.0912958
  1171 47.1555 8.354 0.0924579
  1172 47.2382 8.173 0.0904547
  1173 47.3208 8.215 0.0909195
  1174 47.4035 8.19 0.0906428
  1175 47.4861 8.107 0.0897242
  1176 47.5688 8.202 0.0907756
  1177 47.6515 8.28 0.0916389
  1178 47.7341 8.21 0.0908642
  1179 47.8168 8.237 0.091163
  1180 47.8994 8.17 0.0904215
  1181 47.9821 8.172 0.0904436
  1182 48.0647 8.317 0.0920484
  1183 48.1474 8.352 0.0924358
  1184 48.23 8.478 0.0938303
  1185 48.3127 8.358 0.0925022
  1186 48.3954 8.487 0.0939299
  1187 48.478 8.349 0.0924026
  1188 48.5607 8.315 0.0920263
  1189 48.6433 8.33 0.0921923
  1190 48.726 8.288 0.0917274
  1191 48.8086 8.321 0.0920927
  1192 48.8913 8.184 0.0905764
  1193 48.974 8.313 0.0920041
  1194 49.0566 8.43 0.093299
  1195 49.1393 8.504 0.094118
  1196 49.2219 8.292 0.0917717
  1197 49.3046 8.318 0.0920595
  1198 49.3872 8.406 0.0930334
  1199 49.4699 8.394 0.0929006
  1200 49.5526 8.452 0.0935425
