# Chunk-averaged data for fix denprof and group file
# Timestep Number-of-chunks Total-count
# Chunk Coord1 Ncount density/number
1500000 1200 20000
  1 -49.5526 0.45 0.00498037
  2 -49.4699 0.491 0.00543414
  3 -49.3872 0.482 0.00533453
  4 -49.3046 0.487 0.00538987
  5 -49.2219 0.432 0.00478116
  6 -49.1393 0.479 0.00530133
  7 -49.0566 0.466 0.00515746
  8 -48.974 0.486 0.0053788
  9 -48.8913 0.485 0.00536774
  10 -48.8086 0.455 0.00503571
  11 -48.726 0.489 0.00541201
  12 -48.6433 0.531 0.00587684
  13 -48.5607 0.478 0.00529026
  14 -48.478 0.472 0.00522386
  15 -48.3954 0.425 0.00470369
  16 -48.3127 0.484 0.00535667
  17 -48.23 0.421 0.00465942
  18 -48.1474 0.448 0.00495824
  19 -48.0647 0.435 0.00481436
  20 -47.9821 0.457 0.00505785
  21 -47.8994 0.455 0.00503571
  22 -47.8168 0.439 0.00485863
  23 -47.7341 0.47 0.00520172
  24 -47.6515 0.429 0.00474796
  25 -47.5688 0.438 0.00484756
  26 -47.4861 0.441 0.00488077
  27 -47.4035 0.439 0.00485863
  28 -47.3208 0.435 0.00481436
  29 -47.2382 0.452 0.00500251
  30 -47.1555 0.426 0.00471475
  31 -47.0729 0.419 0.00463728
  32 -46.9902 0.466 0.00515746
  33 -46.9075 0.422 0.00467048
  34 -46.8249 0.455 0.00503571
  35 -46.7422 0.404 0.00447127
  36 -46.6596 0.409 0.00452661
  37 -46.5769 0.412 0.00455981
  38 -46.4943 0.43 0.00475902
  39 -46.4116 0.414 0.00458194
  40 -46.3289 0.421 0.00465942
  41 -46.2463 0.428 0.00473689
  42 -46.1636 0.41 0.00453767
  43 -46.081 0.422 0.00467048
  44 -45.9983 0.403 0.0044602
  45 -45.9157 0.416 0.00460408
  46 -45.833 0.393 0.00434953
  47 -45.7504 0.45 0.00498037
  48 -45.6677 0.426 0.00471475
  49 -45.585 0.388 0.00429419
  50 -45.5024 0.407 0.00450447
  51 -45.4197 0.405 0.00448234
  52 -45.3371 0.419 0.00463728
  53 -45.2544 0.438 0.00484756
  54 -45.1718 0.41 0.00453767
  55 -45.0891 0.441 0.00488077
  56 -45.0064 0.428 0.00473689
  57 -44.9238 0.419 0.00463728
  58 -44.8411 0.41 0.00453767
  59 -44.7585 0.376 0.00416138
  60 -44.6758 0.417 0.00461515
  61 -44.5932 0.421 0.00465942
  62 -44.5105 0.401 0.00443807
  63 -44.4279 0.378 0.00418351
  64 -44.3452 0.436 0.00482543
  65 -44.2625 0.422 0.00467048
  66 -44.1799 0.412 0.00455981
  67 -44.0972 0.436 0.00482543
  68 -44.0146 0.383 0.00423885
  69 -43.9319 0.408 0.00451554
  70 -43.8493 0.379 0.00419458
  71 -43.7666 0.403 0.0044602
  72 -43.6839 0.398 0.00440486
  73 -43.6013 0.393 0.00434953
  74 -43.5186 0.433 0.00479223
  75 -43.436 0.443 0.0049029
  76 -43.3533 0.411 0.00454874
  77 -43.2707 0.418 0.00462621
  78 -43.188 0.418 0.00462621
  79 -43.1053 0.405 0.00448234
  80 -43.0227 0.433 0.00479223
  81 -42.94 0.408 0.00451554
  82 -42.8574 0.407 0.00450447
  83 -42.7747 0.413 0.00457088
  84 -42.6921 0.388 0.00429419
  85 -42.6094 0.469 0.00519066
  86 -42.5268 0.452 0.00500251
  87 -42.4441 0.505 0.00558909
  88 -42.3614 0.443 0.0049029
  89 -42.2788 0.423 0.00468155
  90 -42.1961 0.422 0.00467048
  91 -42.1135 0.421 0.00465942
  92 -42.0308 0.433 0.00479223
  93 -41.9482 0.411 0.00454874
  94 -41.8655 0.382 0.00422779
  95 -41.7828 0.399 0.00441593
  96 -41.7002 0.384 0.00424992
  97 -41.6175 0.398 0.00440486
  98 -41.5349 0.392 0.00433846
  99 -41.4522 0.382 0.00422779
  100 -41.3696 0.359 0.00397323
  101 -41.2869 0.375 0.00415031
  102 -41.2042 0.384 0.00424992
  103 -41.1216 0.367 0.00406177
  104 -41.0389 0.361 0.00399537
  105 -40.9563 0.388 0.00429419
  106 -40.8736 0.381 0.00421672
  107 -40.791 0.426 0.00471475
  108 -40.7083 0.392 0.00433846
  109 -40.6257 0.4 0.004427
  110 -40.543 0.401 0.00443807
  111 -40.4603 0.379 0.00419458
  112 -40.3777 0.393 0.00434953
  113 -40.295 0.419 0.00463728
  114 -40.2124 0.406 0.0044934
  115 -40.1297 0.394 0.00436059
  116 -40.0471 0.377 0.00417245
  117 -39.9644 0.372 0.00411711
  118 -39.8817 0.353 0.00390683
  119 -39.7991 0.42 0.00464835
  120 -39.7164 0.366 0.0040507
  121 -39.6338 0.368 0.00407284
  122 -39.5511 0.387 0.00428312
  123 -39.4685 0.361 0.00399537
  124 -39.3858 0.355 0.00392896
  125 -39.3031 0.347 0.00384042
  126 -39.2205 0.408 0.00451554
  127 -39.1378 0.371 0.00410604
  128 -39.0552 0.382 0.00422779
  129 -38.9725 0.385 0.00426099
  130 -38.8899 0.358 0.00396217
  131 -38.8072 0.375 0.00415031
  132 -38.7246 0.367 0.00406177
  133 -38.6419 0.389 0.00430526
  134 -38.5592 0.378 0.00418351
  135 -38.4766 0.356 0.00394003
  136 -38.3939 0.403 0.0044602
  137 -38.3113 0.382 0.00422779
  138 -38.2286 0.352 0.00389576
  139 -38.146 0.376 0.00416138
  140 -38.0633 0.38 0.00420565
  141 -37.9806 0.347 0.00384042
  142 -37.898 0.361 0.00399537
  143 -37.8153 0.355 0.00392896
  144 -37.7327 0.409 0.00452661
  145 -37.65 0.399 0.00441593
  146 -37.5674 0.414 0.00458194
  147 -37.4847 0.369 0.00408391
  148 -37.4021 0.407 0.00450447
  149 -37.3194 0.436 0.00482543
  150 -37.2367 0.416 0.00460408
  151 -37.1541 0.396 0.00438273
  152 -37.0714 0.403 0.0044602
  153 -36.9888 0.422 0.00467048
  154 -36.9061 0.423 0.00468155
  155 -36.8235 0.421 0.00465942
  156 -36.7408 0.407 0.00450447
  157 -36.6581 0.442 0.00489183
  158 -36.5755 0.448 0.00495824
  159 -36.4928 0.412 0.00455981
  160 -36.4102 0.426 0.00471475
  161 -36.3275 0.425 0.00470369
  162 -36.2449 0.39 0.00431633
  163 -36.1622 0.429 0.00474796
  164 -36.0795 0.4 0.004427
  165 -35.9969 0.434 0.00480329
  166 -35.9142 0.425 0.00470369
  167 -35.8316 0.379 0.00419458
  168 -35.7489 0.421 0.00465942
  169 -35.6663 0.421 0.00465942
  170 -35.5836 0.399 0.00441593
  171 -35.501 0.422 0.00467048
  172 -35.4183 0.416 0.00460408
  173 -35.3356 0.403 0.0044602
  174 -35.253 0.405 0.00448234
  175 -35.1703 0.389 0.00430526
  176 -35.0877 0.394 0.00436059
  177 -35.005 0.419 0.00463728
  178 -34.9224 0.419 0.00463728
  179 -34.8397 0.447 0.00494717
  180 -34.757 0.463 0.00512425
  181 -34.6744 0.436 0.00482543
  182 -34.5917 0.426 0.00471475
  183 -34.5091 0.434 0.00480329
  184 -34.4264 0.437 0.0048365
  185 -34.3438 0.423 0.00468155
  186 -34.2611 0.423 0.00468155
  187 -34.1784 0.431 0.00477009
  188 -34.0958 0.44 0.0048697
  189 -34.0131 0.41 0.00453767
  190 -33.9305 0.43 0.00475902
  191 -33.8478 0.412 0.00455981
  192 -33.7652 0.432 0.00478116
  193 -33.6825 0.434 0.00480329
  194 -33.5999 0.437 0.0048365
  195 -33.5172 0.391 0.00432739
  196 -33.4345 0.405 0.00448234
  197 -33.3519 0.409 0.00452661
  198 -33.2692 0.403 0.0044602
  199 -33.1866 0.43 0.00475902
  200 -33.1039 0.397 0.0043938
  201 -33.0213 0.418 0.00462621
  202 -32.9386 0.445 0.00492504
  203 -32.8559 0.456 0.00504678
  204 -32.7733 0.47 0.00520172
  205 -32.6906 0.478 0.00529026
  206 -32.608 0.472 0.00522386
  207 -32.5253 0.42 0.00464835
  208 -32.4427 0.416 0.00460408
  209 -32.36 0.417 0.00461515
  210 -32.2773 0.45 0.00498037
  211 -32.1947 0.438 0.00484756
  212 -32.112 0.4 0.004427
  213 -32.0294 0.434 0.00480329
  214 -31.9467 0.437 0.0048365
  215 -31.8641 0.421 0.00465942
  216 -31.7814 0.425 0.00470369
  217 -31.6988 0.452 0.00500251
  218 -31.6161 0.476 0.00526813
  219 -31.5334 0.477 0.0052792
  220 -31.4508 0.447 0.00494717
  221 -31.3681 0.418 0.00462621
  222 -31.2855 0.416 0.00460408
  223 -31.2028 0.439 0.00485863
  224 -31.1202 0.436 0.00482543
  225 -31.0375 0.435 0.00481436
  226 -30.9548 0.443 0.0049029
  227 -30.8722 0.456 0.00504678
  228 -30.7895 0.49 0.00542307
  229 -30.7069 0.462 0.00511319
  230 -30.6242 0.43 0.00475902
  231 -30.5416 0.465 0.00514639
  232 -30.4589 0.475 0.00525706
  233 -30.3763 0.438 0.00484756
  234 -30.2936 0.439 0.00485863
  235 -30.2109 0.48 0.0053124
  236 -30.1283 0.414 0.00458194
  237 -30.0456 0.417 0.00461515
  238 -29.963 0.406 0.0044934
  239 -29.8803 0.423 0.00468155
  240 -29.7977 0.402 0.00444913
  241 -29.715 0.383 0.00423885
  242 -29.6323 0.426 0.00471475
  243 -29.5497 0.498 0.00551161
  244 -29.467 0.472 0.00522386
  245 -29.3844 0.402 0.00444913
  246 -29.3017 0.418 0.00462621
  247 -29.2191 0.421 0.00465942
  248 -29.1364 0.405 0.00448234
  249 -29.0537 0.43 0.00475902
  250 -28.9711 0.427 0.00472582
  251 -28.8884 0.434 0.00480329
  252 -28.8058 0.403 0.0044602
  253 -28.7231 0.458 0.00506891
  254 -28.6405 0.44 0.0048697
  255 -28.5578 0.435 0.00481436
  256 -28.4752 0.443 0.0049029
  257 -28.3925 0.422 0.00467048
  258 -28.3098 0.421 0.00465942
  259 -28.2272 0.401 0.00443807
  260 -28.1445 0.395 0.00437166
  261 -28.0619 0.421 0.00465942
  262 -27.9792 0.419 0.00463728
  263 -27.8966 0.413 0.00457088
  264 -27.8139 0.436 0.00482543
  265 -27.7312 0.41 0.00453767
  266 -27.6486 0.432 0.00478116
  267 -27.5659 0.436 0.00482543
  268 -27.4833 0.445 0.00492504
  269 -27.4006 0.407 0.00450447
  270 -27.318 0.395 0.00437166
  271 -27.2353 0.384 0.00424992
  272 -27.1526 0.423 0.00468155
  273 -27.07 0.407 0.00450447
  274 -26.9873 0.403 0.0044602
  275 -26.9047 0.436 0.00482543
  276 -26.822 0.42 0.00464835
  277 -26.7394 0.44 0.0048697
  278 -26.6567 0.41 0.00453767
  279 -26.5741 0.479 0.00530133
  280 -26.4914 0.422 0.00467048
  281 -26.4087 0.468 0.00517959
  282 -26.3261 0.45 0.00498037
  283 -26.2434 0.484 0.00535667
  284 -26.1608 0.439 0.00485863
  285 -26.0781 0.469 0.00519066
  286 -25.9955 0.467 0.00516852
  287 -25.9128 0.493 0.00545628
  288 -25.8301 0.436 0.00482543
  289 -25.7475 0.429 0.00474796
  290 -25.6648 0.434 0.00480329
  291 -25.5822 0.475 0.00525706
  292 -25.4995 0.493 0.00545628
  293 -25.4169 0.481 0.00532347
  294 -25.3342 0.465 0.00514639
  295 -25.2516 0.446 0.0049361
  296 -25.1689 0.417 0.00461515
  297 -25.0862 0.447 0.00494717
  298 -25.0036 0.422 0.00467048
  299 -24.9209 0.439 0.00485863
  300 -24.8383 0.507 0.00561122
  301 -24.7556 0.495 0.00547841
  302 -24.673 0.459 0.00507998
  303 -24.5903 0.469 0.00519066
  304 -24.5076 0.454 0.00502464
  305 -24.425 0.432 0.00478116
  306 -24.3423 0.431 0.00477009
  307 -24.2597 0.427 0.00472582
  308 -24.177 0.418 0.00462621
  309 -24.0944 0.471 0.00521279
  310 -24.0117 0.469 0.00519066
  311 -23.929 0.471 0.00521279
  312 -23.8464 0.451 0.00499144
  313 -23.7637 0.453 0.00501358
  314 -23.6811 0.459 0.00507998
  315 -23.5984 0.459 0.00507998
  316 -23.5158 0.443 0.0049029
  317 -23.4331 0.464 0.00513532
  318 -23.3505 0.422 0.00467048
  319 -23.2678 0.444 0.00491397
  320 -23.1851 0.455 0.00503571
  321 -23.1025 0.425 0.00470369
  322 -23.0198 0.425 0.00470369
  323 -22.9372 0.434 0.00480329
  324 -22.8545 0.453 0.00501358
  325 -22.7719 0.466 0.00515746
  326 -22.6892 0.427 0.00472582
  327 -22.6065 0.463 0.00512425
  328 -22.5239 0.466 0.00515746
  329 -22.4412 0.446 0.0049361
  330 -22.3586 0.427 0.00472582
  331 -22.2759 0.407 0.00450447
  332 -22.1933 0.442 0.00489183
  333 -22.1106 0.426 0.00471475
  334 -22.0279 0.449 0.00496931
  335 -21.9453 0.486 0.0053788
  336 -21.8626 0.483 0.0053456
  337 -21.78 0.492 0.00544521
  338 -21.6973 0.519 0.00574403
  339 -21.6147 0.471 0.00521279
  340 -21.532 0.439 0.00485863
  341 -21.4494 0.455 0.00503571
  342 -21.3667 0.448 0.00495824
  343 -21.284 0.427 0.00472582
  344 -21.2014 0.441 0.00488077
  345 -21.1187 0.489 0.00541201
  346 -21.0361 0.447 0.00494717
  347 -20.9534 0.465 0.00514639
  348 -20.8708 0.48 0.0053124
  349 -20.7881 0.469 0.00519066
  350 -20.7054 0.503 0.00556695
  351 -20.6228 0.457 0.00505785
  352 -20.5401 0.436 0.00482543
  353 -20.4575 0.469 0.00519066
  354 -20.3748 0.457 0.00505785
  355 -20.2922 0.456 0.00504678
  356 -20.2095 0.462 0.00511319
  357 -20.1268 0.462 0.00511319
  358 -20.0442 0.453 0.00501358
  359 -19.9615 0.478 0.00529026
  360 -19.8789 0.471 0.00521279
  361 -19.7962 0.468 0.00517959
  362 -19.7136 0.483 0.0053456
  363 -19.6309 0.465 0.00514639
  364 -19.5483 0.462 0.00511319
  365 -19.4656 0.478 0.00529026
  366 -19.3829 0.439 0.00485863
  367 -19.3003 0.402 0.00444913
  368 -19.2176 0.445 0.00492504
  369 -19.135 0.428 0.00473689
  370 -19.0523 0.431 0.00477009
  371 -18.9697 0.481 0.00532347
  372 -18.887 0.469 0.00519066
  373 -18.8043 0.474 0.00524599
  374 -18.7217 0.447 0.00494717
  375 -18.639 0.474 0.00524599
  376 -18.5564 0.471 0.00521279
  377 -18.4737 0.479 0.00530133
  378 -18.3911 0.446 0.0049361
  379 -18.3084 0.5 0.00553375
  380 -18.2258 0.437 0.0048365
  381 -18.1431 0.43 0.00475902
  382 -18.0604 0.48 0.0053124
  383 -17.9778 0.476 0.00526813
  384 -17.8951 0.458 0.00506891
  385 -17.8125 0.482 0.00533453
  386 -17.7298 0.456 0.00504678
  387 -17.6472 0.446 0.0049361
  388 -17.5645 0.468 0.00517959
  389 -17.4818 0.467 0.00516852
  390 -17.3992 0.439 0.00485863
  391 -17.3165 0.474 0.00524599
  392 -17.2339 0.489 0.00541201
  393 -17.1512 0.464 0.00513532
  394 -17.0686 0.467 0.00516852
  395 -16.9859 0.445 0.00492504
  396 -16.9032 0.515 0.00569976
  397 -16.8206 0.469 0.00519066
  398 -16.7379 0.486 0.0053788
  399 -16.6553 0.452 0.00500251
  400 -16.5726 0.438 0.00484756
  401 -16.49 0.491 0.00543414
  402 -16.4073 0.549 0.00607606
  403 -16.3247 0.496 0.00548948
  404 -16.242 0.533 0.00589898
  405 -16.1593 0.462 0.00511319
  406 -16.0767 0.466 0.00515746
  407 -15.994 0.441 0.00488077
  408 -15.9114 0.486 0.0053788
  409 -15.8287 0.452 0.00500251
  410 -15.7461 0.456 0.00504678
  411 -15.6634 0.46 0.00509105
  412 -15.5807 0.458 0.00506891
  413 -15.4981 0.485 0.00536774
  414 -15.4154 0.488 0.00540094
  415 -15.3328 0.487 0.00538987
  416 -15.2501 0.463 0.00512425
  417 -15.1675 0.506 0.00560015
  418 -15.0848 0.45 0.00498037
  419 -15.0021 0.475 0.00525706
  420 -14.9195 0.446 0.0049361
  421 -14.8368 0.477 0.0052792
  422 -14.7542 0.431 0.00477009
  423 -14.6715 0.477 0.0052792
  424 -14.5889 0.43 0.00475902
  425 -14.5062 0.488 0.00540094
  426 -14.4236 0.472 0.00522386
  427 -14.3409 0.475 0.00525706
  428 -14.2582 0.527 0.00583257
  429 -14.1756 0.535 0.00592111
  430 -14.0929 0.489 0.00541201
  431 -14.0103 0.565 0.00625314
  432 -13.9276 0.56 0.0061978
  433 -13.845 0.554 0.00613139
  434 -13.7623 0.596 0.00659623
  435 -13.6796 0.641 0.00709427
  436 -13.597 0.669 0.00740416
  437 -13.5143 0.699 0.00773618
  438 -13.4317 0.788 0.00872119
  439 -13.349 0.906 0.0100272
  440 -13.2664 1.022 0.011311
  441 -13.1837 1.141 0.012628
  442 -13.101 1.272 0.0140779
  443 -13.0184 1.408 0.015583
  444 -12.9357 1.786 0.0197666
  445 -12.8531 2.13 0.0235738
  446 -12.7704 2.473 0.0273699
  447 -12.6878 3.032 0.0335567
  448 -12.6051 3.748 0.041481
  449 -12.5225 4.412 0.0488298
  450 -12.4398 5.263 0.0582483
  451 -12.3571 6.269 0.0693822
  452 -12.2745 7.508 0.0830948
  453 -12.1918 8.796 0.0973497
  454 -12.1092 10.333 0.11436
  455 -12.0265 11.973 0.132511
  456 -11.9439 14.15 0.156605
  457 -11.8612 16.08 0.177965
  458 -11.7785 18.28 0.202314
  459 -11.6959 20.495 0.226828
  460 -11.6132 23.274 0.257585
  461 -11.5306 25.943 0.287124
  462 -11.4479 28.928 0.320161
  463 -11.3653 31.61 0.349844
  464 -11.2826 34.677 0.383788
  465 -11.2 37.35 0.413371
  466 -11.1173 39.808 0.440575
  467 -11.0346 42.996 0.475858
  468 -10.952 45.658 0.50532
  469 -10.8693 48.023 0.531495
  470 -10.7867 51.059 0.565095
  471 -10.704 52.859 0.585017
  472 -10.6214 55.289 0.611911
  473 -10.5387 57.677 0.63834
  474 -10.456 59.091 0.65399
  475 -10.3734 60.663 0.671388
  476 -10.2907 62.142 0.687757
  477 -10.2081 63.183 0.699278
  478 -10.1254 64.806 0.71724
  479 -10.0428 65.607 0.726105
  480 -9.9601 66.818 0.739508
  481 -9.87745 68.029 0.752911
  482 -9.79479 68.481 0.757913
  483 -9.71213 68.703 0.76037
  484 -9.62948 69.256 0.766491
  485 -9.54682 70.225 0.777215
  486 -9.46417 70.053 0.775312
  487 -9.38151 70.461 0.779827
  488 -9.29885 70.745 0.78297
  489 -9.2162 71.121 0.787132
  490 -9.13354 71.647 0.792953
  491 -9.05088 71.011 0.785914
  492 -8.96823 72.408 0.801376
  493 -8.88557 71.972 0.79655
  494 -8.80291 71.971 0.796539
  495 -8.72026 71.88 0.795532
  496 -8.6376 72.242 0.799538
  497 -8.55494 71.626 0.792721
  498 -8.47229 71.835 0.795034
  499 -8.38963 72.082 0.797768
  500 -8.30697 72.769 0.805371
  501 -8.22432 72.296 0.800136
  502 -8.14166 72.793 0.805637
  503 -8.05901 72.925 0.807097
  504 -7.97635 72.412 0.80142
  505 -7.89369 72.656 0.80412
  506 -7.81104 72.37 0.800955
  507 -7.72838 72.761 0.805282
  508 -7.64572 72.35 0.800734
  509 -7.56307 72.077 0.797712
  510 -7.48041 72.738 0.805028
  511 -7.39775 72.387 0.801143
  512 -7.3151 72.653 0.804087
  513 -7.23244 72.752 0.805183
  514 -7.14978 72.513 0.802538
  515 -7.06713 72.542 0.802859
  516 -6.98447 72.972 0.807618
  517 -6.90181 72.767 0.805349
  518 -6.81916 72.849 0.806256
  519 -6.7365 72.56 0.803058
  520 -6.65385 72.499 0.802383
  521 -6.57119 72.752 0.805183
  522 -6.48853 72.118 0.798166
  523 -6.40588 73.25 0.810694
  524 -6.32322 72.463 0.801984
  525 -6.24056 72.437 0.801696
  526 -6.15791 72.497 0.802361
  527 -6.07525 72.404 0.801331
  528 -5.99259 72.644 0.803987
  529 -5.90994 72.712 0.80474
  530 -5.82728 72.92 0.807042
  531 -5.74462 72.71 0.804718
  532 -5.66197 73.103 0.809067
  533 -5.57931 72.899 0.80681
  534 -5.49665 72.622 0.803744
  535 -5.414 72.427 0.801586
  536 -5.33134 72.643 0.803976
  537 -5.24869 72.055 0.797469
  538 -5.16603 72.781 0.805504
  539 -5.08337 72.644 0.803987
  540 -5.00072 72.067 0.797602
  541 -4.91806 72.309 0.80028
  542 -4.8354 72.496 0.802349
  543 -4.75275 73.271 0.810927
  544 -4.67009 72.891 0.806721
  545 -4.58743 73.103 0.809067
  546 -4.50478 72.646 0.80401
  547 -4.42212 72.399 0.801276
  548 -4.33946 72.583 0.803312
  549 -4.25681 72.169 0.79873
  550 -4.17415 72.179 0.798841
  551 -4.0915 72.457 0.801918
  552 -4.00884 72.61 0.803611
  553 -3.92618 72.731 0.80495
  554 -3.84353 72.622 0.803744
  555 -3.76087 72.624 0.803766
  556 -3.67821 72.764 0.805316
  557 -3.59556 72.202 0.799096
  558 -3.5129 73.105 0.80909
  559 -3.43024 72.733 0.804972
  560 -3.34759 72.717 0.804795
  561 -3.26493 72.143 0.798443
  562 -3.18227 72.29 0.80007
  563 -3.09962 72.73 0.804939
  564 -3.01696 72.692 0.804519
  565 -2.9343 72.909 0.80692
  566 -2.85165 72.621 0.803733
  567 -2.76899 72.932 0.807175
  568 -2.68634 72.501 0.802405
  569 -2.60368 72.55 0.802947
  570 -2.52102 72.576 0.803235
  571 -2.43837 72.213 0.799217
  572 -2.35571 72.491 0.802294
  573 -2.27305 72.991 0.807828
  574 -2.1904 73.011 0.808049
  575 -2.10774 72.808 0.805803
  576 -2.02508 73.05 0.808481
  577 -1.94243 72.963 0.807518
  578 -1.85977 72.489 0.802272
  579 -1.77711 72.162 0.798653
  580 -1.69446 72.421 0.801519
  581 -1.6118 72.388 0.801154
  582 -1.52914 72.423 0.801542
  583 -1.44649 72.45 0.80184
  584 -1.36383 72.808 0.805803
  585 -1.28118 73.027 0.808226
  586 -1.19852 73.314 0.811403
  587 -1.11586 72.553 0.80298
  588 -1.03321 73.018 0.808127
  589 -0.950549 72.38 0.801066
  590 -0.867893 72.391 0.801187
  591 -0.785236 72.911 0.806942
  592 -0.70258 72.461 0.801962
  593 -0.619923 72.391 0.801187
  594 -0.537267 72.432 0.801641
  595 -0.454611 73.426 0.812642
  596 -0.371954 72.686 0.804452
  597 -0.289298 72.676 0.804342
  598 -0.206641 72.792 0.805625
  599 -0.123985 72.919 0.807031
  600 -0.0413282 72.24 0.799516
  601 0.0413282 72.59 0.80339
  602 0.123985 72.801 0.805725
  603 0.206641 72.692 0.804519
  604 0.289298 72.577 0.803246
  605 0.371954 72.889 0.806699
  606 0.454611 72.768 0.80536
  607 0.537267 72.96 0.807485
  608 0.619923 72.858 0.806356
  609 0.70258 72.613 0.803644
  610 0.785236 72.15 0.79852
  611 0.867893 72.684 0.80443
  612 0.950549 72.792 0.805625
  613 1.03321 72.517 0.802582
  614 1.11586 72.518 0.802593
  615 1.19852 72.943 0.807297
  616 1.28118 72.881 0.80661
  617 1.36383 72.629 0.803821
  618 1.44649 72.689 0.804486
  619 1.52914 72.708 0.804696
  620 1.6118 72.782 0.805515
  621 1.69446 72.805 0.805769
  622 1.77711 73.047 0.808448
  623 1.85977 72.254 0.799671
  624 1.94243 72.75 0.805161
  625 2.02508 72.479 0.802161
  626 2.10774 72.902 0.806843
  627 2.1904 72.722 0.804851
  628 2.27305 72.436 0.801685
  629 2.35571 72.637 0.80391
  630 2.43837 72.718 0.804806
  631 2.52102 72.847 0.806234
  632 2.60368 72.788 0.805581
  633 2.68634 73.166 0.809765
  634 2.76899 72.754 0.805205
  635 2.85165 72.784 0.805537
  636 2.9343 72.565 0.803113
  637 3.01696 72.898 0.806799
  638 3.09962 72.203 0.799107
  639 3.18227 72.368 0.800933
  640 3.26493 72.729 0.804928
  641 3.34759 72.504 0.802438
  642 3.43024 72.633 0.803866
  643 3.5129 72.9 0.806821
  644 3.59556 73.068 0.80868
  645 3.67821 73.127 0.809333
  646 3.76087 73.067 0.808669
  647 3.84353 72.558 0.803036
  648 3.92618 72.992 0.807839
  649 4.00884 72.945 0.807319
  650 4.0915 72.62 0.803722
  651 4.17415 72.552 0.802969
  652 4.25681 72.972 0.807618
  653 4.33946 72.468 0.80204
  654 4.42212 72.348 0.800711
  655 4.50478 72.944 0.807308
  656 4.58743 73.061 0.808603
  657 4.67009 73.055 0.808536
  658 4.75275 73.205 0.810196
  659 4.8354 72.956 0.807441
  660 4.91806 72.4 0.801287
  661 5.00072 72.721 0.80484
  662 5.08337 72.839 0.806146
  663 5.16603 72.244 0.79956
  664 5.24869 72.621 0.803733
  665 5.33134 72.747 0.805127
  666 5.414 72.892 0.806732
  667 5.49665 73.2 0.810141
  668 5.57931 72.679 0.804375
  669 5.66197 72.94 0.807263
  670 5.74462 73.071 0.808713
  671 5.82728 73.193 0.810064
  672 5.90994 72.26 0.799738
  673 5.99259 72.695 0.804552
  674 6.07525 72.147 0.798487
  675 6.15791 72.381 0.801077
  676 6.24056 72.257 0.799704
  677 6.32322 73.296 0.811203
  678 6.40588 73.35 0.811801
  679 6.48853 72.829 0.806035
  680 6.57119 73.458 0.812996
  681 6.65385 72.772 0.805404
  682 6.7365 73.048 0.808459
  683 6.81916 72.985 0.807761
  684 6.90181 72.195 0.799018
  685 6.98447 72.339 0.800612
  686 7.06713 72.553 0.80298
  687 7.14978 72.582 0.803301
  688 7.23244 72.972 0.807618
  689 7.3151 72.534 0.80277
  690 7.39775 72.838 0.806135
  691 7.48041 72.574 0.803213
  692 7.56307 73.088 0.808901
  693 7.64572 72.595 0.803445
  694 7.72838 72.782 0.805515
  695 7.81104 72.223 0.799328
  696 7.89369 73.012 0.80806
  697 7.97635 72.453 0.801874
  698 8.05901 72.259 0.799726
  699 8.14166 72.297 0.800147
  700 8.22432 71.623 0.792688
  701 8.30697 72.705 0.804663
  702 8.38963 73.124 0.8093
  703 8.47229 72.626 0.803788
  704 8.55494 72.827 0.806013
  705 8.6376 72.398 0.801265
  706 8.72026 72.329 0.800501
  707 8.80291 71.789 0.794525
  708 8.88557 71.692 0.793451
  709 8.96823 71.316 0.78929
  710 9.05088 71.242 0.788471
  711 9.13354 70.687 0.782328
  712 9.2162 71.486 0.791171
  713 9.29885 70.736 0.782871
  714 9.38151 70.634 0.781742
  715 9.46417 70.271 0.777724
  716 9.54682 70.112 0.775965
  717 9.62948 69.449 0.768627
  718 9.71213 68.073 0.753398
  719 9.79479 67.782 0.750177
  720 9.87745 65.959 0.730001
  721 9.9601 65.459 0.724467
  722 10.0428 64.713 0.716211
  723 10.1254 62.899 0.696135
  724 10.2081 62.104 0.687336
  725 10.2907 60.832 0.673258
  726 10.3734 58.853 0.651356
  727 10.456 57.521 0.636614
  728 10.5387 55.059 0.609365
  729 10.6214 52.748 0.583788
  730 10.704 50.57 0.559683
  731 10.7867 47.483 0.525518
  732 10.8693 44.133 0.488442
  733 10.952 41.737 0.461924
  734 11.0346 38.955 0.431134
  735 11.1173 36.219 0.400854
  736 11.2 33.278 0.368304
  737 11.2826 30.648 0.339197
  738 11.3653 27.762 0.307256
  739 11.4479 24.981 0.276477
  740 11.5306 21.995 0.24343
  741 11.6132 19.422 0.214953
  742 11.6959 16.754 0.185425
  743 11.7785 14.758 0.163334
  744 11.8612 12.609 0.13955
  745 11.9439 11.015 0.121909
  746 12.0265 9.418 0.104234
  747 12.1092 7.942 0.0878981
  748 12.1918 6.85 0.0758124
  749 12.2745 5.689 0.062963
  750 12.3571 4.724 0.0522829
  751 12.4398 3.922 0.0434067
  752 12.5225 3.394 0.0375631
  753 12.6051 2.815 0.031155
  754 12.6878 2.339 0.0258869
  755 12.7704 1.972 0.0218251
  756 12.8531 1.68 0.0185934
  757 12.9357 1.451 0.0160589
  758 13.0184 1.294 0.0143213
  759 13.101 1.066 0.011798
  760 13.1837 0.935 0.0103481
  761 13.2664 0.855 0.00946271
  762 13.349 0.774 0.00856624
  763 13.4317 0.658 0.00728241
  764 13.5143 0.627 0.00693932
  765 13.597 0.573 0.00634168
  766 13.6796 0.572 0.00633061
  767 13.7623 0.562 0.00621993
  768 13.845 0.525 0.00581044
  769 13.9276 0.478 0.00529026
  770 14.0103 0.476 0.00526813
  771 14.0929 0.475 0.00525706
  772 14.1756 0.447 0.00494717
  773 14.2582 0.454 0.00502464
  774 14.3409 0.479 0.00530133
  775 14.4236 0.46 0.00509105
  776 14.5062 0.426 0.00471475
  777 14.5889 0.452 0.00500251
  778 14.6715 0.454 0.00502464
  779 14.7542 0.43 0.00475902
  780 14.8368 0.495 0.00547841
  781 14.9195 0.468 0.00517959
  782 15.0021 0.496 0.00548948
  783 15.0848 0.469 0.00519066
  784 15.1675 0.475 0.00525706
  785 15.2501 0.455 0.00503571
  786 15.3328 0.454 0.00502464
  787 15.4154 0.451 0.00499144
  788 15.4981 0.45 0.00498037
  789 15.5807 0.447 0.00494717
  790 15.6634 0.437 0.0048365
  791 15.7461 0.463 0.00512425
  792 15.8287 0.41 0.00453767
  793 15.9114 0.407 0.00450447
  794 15.994 0.444 0.00491397
  795 16.0767 0.424 0.00469262
  796 16.1593 0.433 0.00479223
  797 16.242 0.427 0.00472582
  798 16.3247 0.425 0.00470369
  799 16.4073 0.42 0.00464835
  800 16.49 0.427 0.00472582
  801 16.5726 0.457 0.00505785
  802 16.6553 0.404 0.00447127
  803 16.7379 0.437 0.0048365
  804 16.8206 0.461 0.00510212
  805 16.9032 0.511 0.00565549
  806 16.9859 0.446 0.0049361
  807 17.0686 0.454 0.00502464
  808 17.1512 0.444 0.00491397
  809 17.2339 0.446 0.0049361
  810 17.3165 0.447 0.00494717
  811 17.3992 0.458 0.00506891
  812 17.4818 0.442 0.00489183
  813 17.5645 0.48 0.0053124
  814 17.6472 0.427 0.00472582
  815 17.7298 0.417 0.00461515
  816 17.8125 0.464 0.00513532
  817 17.8951 0.445 0.00492504
  818 17.9778 0.457 0.00505785
  819 18.0604 0.414 0.00458194
  820 18.1431 0.407 0.00450447
  821 18.2258 0.389 0.00430526
  822 18.3084 0.448 0.00495824
  823 18.3911 0.421 0.00465942
  824 18.4737 0.42 0.00464835
  825 18.5564 0.474 0.00524599
  826 18.639 0.421 0.00465942
  827 18.7217 0.449 0.00496931
  828 18.8043 0.438 0.00484756
  829 18.887 0.402 0.00444913
  830 18.9697 0.421 0.00465942
  831 19.0523 0.437 0.0048365
  832 19.135 0.426 0.00471475
  833 19.2176 0.424 0.00469262
  834 19.3003 0.404 0.00447127
  835 19.3829 0.421 0.00465942
  836 19.4656 0.432 0.00478116
  837 19.5483 0.436 0.00482543
  838 19.6309 0.456 0.00504678
  839 19.7136 0.448 0.00495824
  840 19.7962 0.441 0.00488077
  841 19.8789 0.444 0.00491397
  842 19.9615 0.431 0.00477009
  843 20.0442 0.447 0.00494717
  844 20.1268 0.444 0.00491397
  845 20.2095 0.466 0.00515746
  846 20.2922 0.454 0.00502464
  847 20.3748 0.478 0.00529026
  848 20.4575 0.48 0.0053124
  849 20.5401 0.434 0.00480329
  850 20.6228 0.458 0.00506891
  851 20.7054 0.453 0.00501358
  852 20.7881 0.45 0.00498037
  853 20.8708 0.463 0.00512425
  854 20.9534 0.473 0.00523493
  855 21.0361 0.463 0.00512425
  856 21.1187 0.484 0.00535667
  857 21.2014 0.517 0.0057219
  858 21.284 0.488 0.00540094
  859 21.3667 0.49 0.00542307
  860 21.4494 0.506 0.00560015
  861 21.532 0.432 0.00478116
  862 21.6147 0.451 0.00499144
  863 21.6973 0.443 0.0049029
  864 21.78 0.539 0.00596538
  865 21.8626 0.52 0.0057551
  866 21.9453 0.533 0.00589898
  867 22.0279 0.552 0.00610926
  868 22.1106 0.548 0.00606499
  869 22.1933 0.522 0.00577723
  870 22.2759 0.528 0.00584364
  871 22.3586 0.486 0.0053788
  872 22.4412 0.458 0.00506891
  873 22.5239 0.505 0.00558909
  874 22.6065 0.447 0.00494717
  875 22.6892 0.449 0.00496931
  876 22.7719 0.478 0.00529026
  877 22.8545 0.433 0.00479223
  878 22.9372 0.465 0.00514639
  879 23.0198 0.449 0.00496931
  880 23.1025 0.479 0.00530133
  881 23.1851 0.474 0.00524599
  882 23.2678 0.47 0.00520172
  883 23.3505 0.498 0.00551161
  884 23.4331 0.459 0.00507998
  885 23.5158 0.487 0.00538987
  886 23.5984 0.466 0.00515746
  887 23.6811 0.481 0.00532347
  888 23.7637 0.49 0.00542307
  889 23.8464 0.487 0.00538987
  890 23.929 0.52 0.0057551
  891 24.0117 0.526 0.0058215
  892 24.0944 0.499 0.00552268
  893 24.177 0.519 0.00574403
  894 24.2597 0.532 0.00588791
  895 24.3423 0.533 0.00589898
  896 24.425 0.555 0.00614246
  897 24.5076 0.559 0.00618673
  898 24.5903 0.581 0.00643022
  899 24.673 0.558 0.00617566
  900 24.7556 0.52 0.0057551
  901 24.8383 0.557 0.0061646
  902 24.9209 0.569 0.00629741
  903 25.0036 0.513 0.00567763
  904 25.0862 0.503 0.00556695
  905 25.1689 0.526 0.0058215
  906 25.2516 0.492 0.00544521
  907 25.3342 0.533 0.00589898
  908 25.4169 0.51 0.00564442
  909 25.4995 0.503 0.00556695
  910 25.5822 0.516 0.00571083
  911 25.6648 0.548 0.00606499
  912 25.7475 0.486 0.0053788
  913 25.8301 0.57 0.00630848
  914 25.9128 0.52 0.0057551
  915 25.9955 0.551 0.00609819
  916 26.0781 0.522 0.00577723
  917 26.1608 0.529 0.00585471
  918 26.2434 0.517 0.0057219
  919 26.3261 0.587 0.00649662
  920 26.4087 0.606 0.0067069
  921 26.4914 0.557 0.0061646
  922 26.5741 0.59 0.00652982
  923 26.6567 0.559 0.00618673
  924 26.7394 0.52 0.0057551
  925 26.822 0.511 0.00565549
  926 26.9047 0.537 0.00594325
  927 26.9873 0.513 0.00567763
  928 27.07 0.563 0.006231
  929 27.1526 0.563 0.006231
  930 27.2353 0.487 0.00538987
  931 27.318 0.527 0.00583257
  932 27.4006 0.505 0.00558909
  933 27.4833 0.531 0.00587684
  934 27.5659 0.503 0.00556695
  935 27.6486 0.518 0.00573296
  936 27.7312 0.484 0.00535667
  937 27.8139 0.512 0.00566656
  938 27.8966 0.513 0.00567763
  939 27.9792 0.477 0.0052792
  940 28.0619 0.503 0.00556695
  941 28.1445 0.469 0.00519066
  942 28.2272 0.512 0.00566656
  943 28.3098 0.507 0.00561122
  944 28.3925 0.471 0.00521279
  945 28.4752 0.514 0.00568869
  946 28.5578 0.496 0.00548948
  947 28.6405 0.498 0.00551161
  948 28.7231 0.482 0.00533453
  949 28.8058 0.498 0.00551161
  950 28.8884 0.48 0.0053124
  951 28.9711 0.506 0.00560015
  952 29.0537 0.537 0.00594325
  953 29.1364 0.498 0.00551161
  954 29.2191 0.483 0.0053456
  955 29.3017 0.509 0.00563336
  956 29.3844 0.487 0.00538987
  957 29.467 0.494 0.00546734
  958 29.5497 0.515 0.00569976
  959 29.6323 0.514 0.00568869
  960 29.715 0.519 0.00574403
  961 29.7977 0.541 0.00598752
  962 29.8803 0.501 0.00554482
  963 29.963 0.48 0.0053124
  964 30.0456 0.486 0.0053788
  965 30.1283 0.473 0.00523493
  966 30.2109 0.472 0.00522386
  967 30.2936 0.473 0.00523493
  968 30.3763 0.457 0.00505785
  969 30.4589 0.499 0.00552268
  970 30.5416 0.448 0.00495824
  971 30.6242 0.493 0.00545628
  972 30.7069 0.498 0.00551161
  973 30.7895 0.503 0.00556695
  974 30.8722 0.453 0.00501358
  975 30.9548 0.482 0.00533453
  976 31.0375 0.496 0.00548948
  977 31.1202 0.432 0.00478116
  978 31.2028 0.497 0.00550055
  979 31.2855 0.49 0.00542307
  980 31.3681 0.534 0.00591004
  981 31.4508 0.46 0.00509105
  982 31.5334 0.473 0.00523493
  983 31.6161 0.444 0.00491397
  984 31.6988 0.427 0.00472582
  985 31.7814 0.453 0.00501358
  986 31.8641 0.438 0.00484756
  987 31.9467 0.455 0.00503571
  988 32.0294 0.472 0.00522386
  989 32.112 0.481 0.00532347
  990 32.1947 0.446 0.0049361
  991 32.2773 0.43 0.00475902
  992 32.36 0.438 0.00484756
  993 32.4427 0.459 0.00507998
  994 32.5253 0.433 0.00479223
  995 32.608 0.5 0.00553375
  996 32.6906 0.49 0.00542307
  997 32.7733 0.484 0.00535667
  998 32.8559 0.466 0.00515746
  999 32.9386 0.484 0.00535667
  1000 33.0213 0.491 0.00543414
  1001 33.1039 0.479 0.00530133
  1002 33.1866 0.482 0.00533453
  1003 33.2692 0.526 0.0058215
  1004 33.3519 0.558 0.00617566
  1005 33.4345 0.497 0.00550055
  1006 33.5172 0.53 0.00586577
  1007 33.5999 0.534 0.00591004
  1008 33.6825 0.47 0.00520172
  1009 33.7652 0.507 0.00561122
  1010 33.8478 0.459 0.00507998
  1011 33.9305 0.473 0.00523493
  1012 34.0131 0.474 0.00524599
  1013 34.0958 0.499 0.00552268
  1014 34.1784 0.521 0.00576617
  1015 34.2611 0.504 0.00557802
  1016 34.3438 0.483 0.0053456
  1017 34.4264 0.449 0.00496931
  1018 34.5091 0.478 0.00529026
  1019 34.5917 0.484 0.00535667
  1020 34.6744 0.435 0.00481436
  1021 34.757 0.467 0.00516852
  1022 34.8397 0.485 0.00536774
  1023 34.9224 0.459 0.00507998
  1024 35.005 0.491 0.00543414
  1025 35.0877 0.487 0.00538987
  1026 35.1703 0.473 0.00523493
  1027 35.253 0.516 0.00571083
  1028 35.3356 0.496 0.00548948
  1029 35.4183 0.449 0.00496931
  1030 35.501 0.469 0.00519066
  1031 35.5836 0.437 0.0048365
  1032 35.6663 0.459 0.00507998
  1033 35.7489 0.431 0.00477009
  1034 35.8316 0.457 0.00505785
  1035 35.9142 0.439 0.00485863
  1036 35.9969 0.447 0.00494717
  1037 36.0795 0.436 0.00482543
  1038 36.1622 0.44 0.0048697
  1039 36.2449 0.436 0.00482543
  1040 36.3275 0.455 0.00503571
  1041 36.4102 0.445 0.00492504
  1042 36.4928 0.465 0.00514639
  1043 36.5755 0.429 0.00474796
  1044 36.6581 0.424 0.00469262
  1045 36.7408 0.443 0.0049029
  1046 36.8235 0.414 0.00458194
  1047 36.9061 0.469 0.00519066
  1048 36.9888 0.434 0.00480329
  1049 37.0714 0.469 0.00519066
  1050 37.1541 0.444 0.00491397
  1051 37.2367 0.501 0.00554482
  1052 37.3194 0.475 0.00525706
  1053 37.4021 0.472 0.00522386
  1054 37.4847 0.428 0.00473689
  1055 37.5674 0.431 0.00477009
  1056 37.65 0.418 0.00462621
  1057 37.7327 0.455 0.00503571
  1058 37.8153 0.418 0.00462621
  1059 37.898 0.409 0.00452661
  1060 37.9806 0.447 0.00494717
  1061 38.0633 0.397 0.0043938
  1062 38.146 0.441 0.00488077
  1063 38.2286 0.437 0.0048365
  1064 38.3113 0.422 0.00467048
  1065 38.3939 0.417 0.00461515
  1066 38.4766 0.444 0.00491397
  1067 38.5592 0.451 0.00499144
  1068 38.6419 0.416 0.00460408
  1069 38.7246 0.455 0.00503571
  1070 38.8072 0.458 0.00506891
  1071 38.8899 0.512 0.00566656
  1072 38.9725 0.457 0.00505785
  1073 39.0552 0.418 0.00462621
  1074 39.1378 0.525 0.00581044
  1075 39.2205 0.482 0.00533453
  1076 39.3031 0.446 0.0049361
  1077 39.3858 0.439 0.00485863
  1078 39.4685 0.468 0.00517959
  1079 39.5511 0.433 0.00479223
  1080 39.6338 0.472 0.00522386
  1081 39.7164 0.447 0.00494717
  1082 39.7991 0.434 0.00480329
  1083 39.8817 0.44 0.0048697
  1084 39.9644 0.45 0.00498037
  1085 40.0471 0.448 0.00495824
  1086 40.1297 0.507 0.00561122
  1087 40.2124 0.478 0.00529026
  1088 40.295 0.466 0.00515746
  1089 40.3777 0.482 0.00533453
  1090 40.4603 0.478 0.00529026
  1091 40.543 0.493 0.00545628
  1092 40.6257 0.508 0.00562229
  1093 40.7083 0.464 0.00513532
  1094 40.791 0.494 0.00546734
  1095 40.8736 0.486 0.0053788
  1096 40.9563 0.48 0.0053124
  1097 41.0389 0.489 0.00541201
  1098 41.1216 0.506 0.00560015
  1099 41.2042 0.461 0.00510212
  1100 41.2869 0.506 0.00560015
  1101 41.3696 0.499 0.00552268
  1102 41.4522 0.49 0.00542307
  1103 41.5349 0.524 0.00579937
  1104 41.6175 0.462 0.00511319
  1105 41.7002 0.498 0.00551161
  1106 41.7828 0.484 0.00535667
  1107 41.8655 0.481 0.00532347
  1108 41.9482 0.521 0.00576617
  1109 42.0308 0.489 0.00541201
  1110 42.1135 0.51 0.00564442
  1111 42.1961 0.5 0.00553375
  1112 42.2788 0.49 0.00542307
  1113 42.3614 0.51 0.00564442
  1114 42.4441 0.503 0.00556695
  1115 42.5268 0.524 0.00579937
  1116 42.6094 0.497 0.00550055
  1117 42.6921 0.498 0.00551161
  1118 42.7747 0.485 0.00536774
  1119 42.8574 0.525 0.00581044
  1120 42.94 0.544 0.00602072
  1121 43.0227 0.531 0.00587684
  1122 43.1053 0.492 0.00544521
  1123 43.188 0.499 0.00552268
  1124 43.2707 0.455 0.00503571
  1125 43.3533 0.465 0.00514639
  1126 43.436 0.475 0.00525706
  1127 43.5186 0.532 0.00588791
  1128 43.6013 0.574 0.00635274
  1129 43.6839 0.537 0.00594325
  1130 43.7666 0.531 0.00587684
  1131 43.8493 0.531 0.00587684
  1132 43.9319 0.51 0.00564442
  1133 44.0146 0.507 0.00561122
  1134 44.0972 0.538 0.00595431
  1135 44.1799 0.468 0.00517959
  1136 44.2625 0.529 0.00585471
  1137 44.3452 0.539 0.00596538
  1138 44.4279 0.498 0.00551161
  1139 44.5105 0.524 0.00579937
  1140 44.5932 0.539 0.00596538
  1141 44.6758 0.529 0.00585471
  1142 44.7585 0.549 0.00607606
  1143 44.8411 0.589 0.00651876
  1144 44.9238 0.534 0.00591004
  1145 45.0064 0.513 0.00567763
  1146 45.0891 0.433 0.00479223
  1147 45.1718 0.442 0.00489183
  1148 45.2544 0.45 0.00498037
  1149 45.3371 0.462 0.00511319
  1150 45.4197 0.444 0.00491397
  1151 45.5024 0.447 0.00494717
  1152 45.585 0.485 0.00536774
  1153 45.6677 0.472 0.00522386
  1154 45.7504 0.473 0.00523493
  1155 45.833 0.456 0.00504678
  1156 45.9157 0.483 0.0053456
  1157 45.9983 0.439 0.00485863
  1158 46.081 0.455 0.00503571
  1159 46.1636 0.422 0.00467048
  1160 46.2463 0.436 0.00482543
  1161 46.3289 0.467 0.00516852
  1162 46.4116 0.429 0.00474796
  1163 46.4943 0.439 0.00485863
  1164 46.5769 0.435 0.00481436
  1165 46.6596 0.408 0.00451554
  1166 46.7422 0.446 0.0049361
  1167 46.8249 0.427 0.00472582
  1168 46.9075 0.453 0.00501358
  1169 46.9902 0.399 0.00441593
  1170 47.0729 0.423 0.00468155
  1171 47.1555 0.468 0.00517959
  1172 47.2382 0.409 0.00452661
  1173 47.3208 0.408 0.00451554
  1174 47.4035 0.439 0.00485863
  1175 47.4861 0.421 0.00465942
  1176 47.5688 0.359 0.00397323
  1177 47.6515 0.417 0.00461515
  1178 47.7341 0.377 0.00417245
  1179 47.8168 0.446 0.0049361
  1180 47.8994 0.387 0.00428312
  1181 47.9821 0.403 0.0044602
  1182 48.0647 0.417 0.00461515
  1183 48.1474 0.415 0.00459301
  1184 48.23 0.414 0.00458194
  1185 48.3127 0.414 0.00458194
  1186 48.3954 0.396 0.00438273
  1187 48.478 0.431 0.00477009
  1188 48.5607 0.425 0.00470369
  1189 48.6433 0.457 0.00505785
  1190 48.726 0.445 0.00492504
  1191 48.8086 0.444 0.00491397
  1192 48.8913 0.423 0.00468155
  1193 48.974 0.436 0.00482543
  1194 49.0566 0.427 0.00472582
  1195 49.1393 0.41 0.00453767
  1196 49.2219 0.423 0.00468155
  1197 49.3046 0.397 0.0043938
  1198 49.3872 0.467 0.00516852
  1199 49.4699 0.47 0.00520172
  1200 49.5526 0.462 0.00511319
2000000 1200 20000
  1 -49.5526 0.417 0.00461515
  2 -49.4699 0.409 0.00452661
  3 -49.3872 0.423 0.00468155
  4 -49.3046 0.419 0.00463728
  5 -49.2219 0.419 0.00463728
  6 -49.1393 0.432 0.00478116
  7 -49.0566 0.417 0.00461515
  8 -48.974 0.416 0.00460408
  9 -48.8913 0.469 0.00519066
  10 -48.8086 0.432 0.00478116
  11 -48.726 0.434 0.00480329
  12 -48.6433 0.455 0.00503571
  13 -48.5607 0.456 0.00504678
  14 -48.478 0.449 0.00496931
  15 -48.3954 0.411 0.00454874
  16 -48.3127 0.432 0.00478116
  17 -48.23 0.444 0.00491397
  18 -48.1474 0.447 0.00494717
  19 -48.0647 0.426 0.00471475
  20 -47.9821 0.454 0.00502464
  21 -47.8994 0.433 0.00479223
  22 -47.8168 0.441 0.00488077
  23 -47.7341 0.446 0.0049361
  24 -47.6515 0.438 0.00484756
  25 -47.5688 0.434 0.00480329
  26 -47.4861 0.436 0.00482543
  27 -47.4035 0.457 0.00505785
  28 -47.3208 0.432 0.00478116
  29 -47.2382 0.416 0.00460408
  30 -47.1555 0.457 0.00505785
  31 -47.0729 0.469 0.00519066
  32 -46.9902 0.455 0.00503571
  33 -46.9075 0.44 0.0048697
  34 -46.8249 0.432 0.00478116
  35 -46.7422 0.474 0.00524599
  36 -46.6596 0.449 0.00496931
  37 -46.5769 0.48 0.0053124
  38 -46.4943 0.474 0.00524599
  39 -46.4116 0.454 0.00502464
  40 -46.3289 0.46 0.00509105
  41 -46.2463 0.437 0.0048365
  42 -46.1636 0.448 0.00495824
  43 -46.081 0.407 0.00450447
  44 -45.9983 0.482 0.00533453
  45 -45.9157 0.408 0.00451554
  46 -45.833 0.433 0.00479223
  47 -45.7504 0.426 0.00471475
  48 -45.6677 0.432 0.00478116
  49 -45.585 0.44 0.0048697
  50 -45.5024 0.446 0.0049361
  51 -45.4197 0.389 0.00430526
  52 -45.3371 0.429 0.00474796
  53 -45.2544 0.429 0.00474796
  54 -45.1718 0.431 0.00477009
  55 -45.0891 0.401 0.00443807
  56 -45.0064 0.42 0.00464835
  57 -44.9238 0.429 0.00474796
  58 -44.8411 0.454 0.00502464
  59 -44.7585 0.449 0.00496931
  60 -44.6758 0.458 0.00506891
  61 -44.5932 0.421 0.00465942
  62 -44.5105 0.435 0.00481436
  63 -44.4279 0.413 0.00457088
  64 -44.3452 0.435 0.00481436
  65 -44.2625 0.422 0.00467048
  66 -44.1799 0.385 0.00426099
  67 -44.0972 0.442 0.00489183
  68 -44.0146 0.437 0.0048365
  69 -43.9319 0.416 0.00460408
  70 -43.8493 0.417 0.00461515
  71 -43.7666 0.417 0.00461515
  72 -43.6839 0.426 0.00471475
  73 -43.6013 0.417 0.00461515
  74 -43.5186 0.419 0.00463728
  75 -43.436 0.41 0.00453767
  76 -43.3533 0.39 0.00431633
  77 -43.2707 0.389 0.00430526
  78 -43.188 0.409 0.00452661
  79 -43.1053 0.39 0.00431633
  80 -43.0227 0.425 0.00470369
  81 -42.94 0.427 0.00472582
  82 -42.8574 0.449 0.00496931
  83 -42.7747 0.436 0.00482543
  84 -42.6921 0.44 0.0048697
  85 -42.6094 0.442 0.00489183
  86 -42.5268 0.44 0.0048697
  87 -42.4441 0.453 0.00501358
  88 -42.3614 0.455 0.00503571
  89 -42.2788 0.447 0.00494717
  90 -42.1961 0.476 0.00526813
  91 -42.1135 0.429 0.00474796
  92 -42.0308 0.47 0.00520172
  93 -41.9482 0.435 0.00481436
  94 -41.8655 0.5 0.00553375
  95 -41.7828 0.448 0.00495824
  96 -41.7002 0.469 0.00519066
  97 -41.6175 0.409 0.00452661
  98 -41.5349 0.462 0.00511319
  99 -41.4522 0.43 0.00475902
  100 -41.3696 0.439 0.00485863
  101 -41.2869 0.463 0.00512425
  102 -41.2042 0.434 0.00480329
  103 -41.1216 0.459 0.00507998
  104 -41.0389 0.446 0.0049361
  105 -40.9563 0.476 0.00526813
  106 -40.8736 0.427 0.00472582
  107 -40.791 0.416 0.00460408
  108 -40.7083 0.468 0.00517959
  109 -40.6257 0.415 0.00459301
  110 -40.543 0.449 0.00496931
  111 -40.4603 0.475 0.00525706
  112 -40.3777 0.467 0.00516852
  113 -40.295 0.446 0.0049361
  114 -40.2124 0.446 0.0049361
  115 -40.1297 0.442 0.00489183
  116 -40.0471 0.402 0.00444913
  117 -39.9644 0.442 0.00489183
  118 -39.8817 0.4 0.004427
  119 -39.7991 0.444 0.00491397
  120 -39.7164 0.445 0.00492504
  121 -39.6338 0.454 0.00502464
  122 -39.5511 0.433 0.00479223
  123 -39.4685 0.478 0.00529026
  124 -39.3858 0.434 0.00480329
  125 -39.3031 0.442 0.00489183
  126 -39.2205 0.444 0.00491397
  127 -39.1378 0.466 0.00515746
  128 -39.0552 0.437 0.0048365
  129 -38.9725 0.46 0.00509105
  130 -38.8899 0.443 0.0049029
  131 -38.8072 0.447 0.00494717
  132 -38.7246 0.405 0.00448234
  133 -38.6419 0.486 0.0053788
  134 -38.5592 0.432 0.00478116
  135 -38.4766 0.445 0.00492504
  136 -38.3939 0.437 0.0048365
  137 -38.3113 0.469 0.00519066
  138 -38.2286 0.452 0.00500251
  139 -38.146 0.409 0.00452661
  140 -38.0633 0.479 0.00530133
  141 -37.9806 0.432 0.00478116
  142 -37.898 0.42 0.00464835
  143 -37.8153 0.394 0.00436059
  144 -37.7327 0.403 0.0044602
  145 -37.65 0.407 0.00450447
  146 -37.5674 0.398 0.00440486
  147 -37.4847 0.383 0.00423885
  148 -37.4021 0.386 0.00427206
  149 -37.3194 0.37 0.00409497
  150 -37.2367 0.374 0.00413924
  151 -37.1541 0.403 0.0044602
  152 -37.0714 0.39 0.00431633
  153 -36.9888 0.386 0.00427206
  154 -36.9061 0.387 0.00428312
  155 -36.8235 0.371 0.00410604
  156 -36.7408 0.426 0.00471475
  157 -36.6581 0.379 0.00419458
  158 -36.5755 0.357 0.0039511
  159 -36.4928 0.374 0.00413924
  160 -36.4102 0.38 0.00420565
  161 -36.3275 0.391 0.00432739
  162 -36.2449 0.369 0.00408391
  163 -36.1622 0.381 0.00421672
  164 -36.0795 0.345 0.00381829
  165 -35.9969 0.371 0.00410604
  166 -35.9142 0.364 0.00402857
  167 -35.8316 0.378 0.00418351
  168 -35.7489 0.413 0.00457088
  169 -35.6663 0.406 0.0044934
  170 -35.5836 0.403 0.0044602
  171 -35.501 0.4 0.004427
  172 -35.4183 0.422 0.00467048
  173 -35.3356 0.388 0.00429419
  174 -35.253 0.407 0.00450447
  175 -35.1703 0.39 0.00431633
  176 -35.0877 0.408 0.00451554
  177 -35.005 0.4 0.004427
  178 -34.9224 0.412 0.00455981
  179 -34.8397 0.441 0.00488077
  180 -34.757 0.417 0.00461515
  181 -34.6744 0.404 0.00447127
  182 -34.5917 0.447 0.00494717
  183 -34.5091 0.371 0.00410604
  184 -34.4264 0.403 0.0044602
  185 -34.3438 0.42 0.00464835
  186 -34.2611 0.422 0.00467048
  187 -34.1784 0.464 0.00513532
  188 -34.0958 0.447 0.00494717
  189 -34.0131 0.501 0.00554482
  190 -33.9305 0.488 0.00540094
  191 -33.8478 0.459 0.00507998
  192 -33.7652 0.463 0.00512425
  193 -33.6825 0.452 0.00500251
  194 -33.5999 0.425 0.00470369
  195 -33.5172 0.44 0.0048697
  196 -33.4345 0.397 0.0043938
  197 -33.3519 0.408 0.00451554
  198 -33.2692 0.433 0.00479223
  199 -33.1866 0.447 0.00494717
  200 -33.1039 0.406 0.0044934
  201 -33.0213 0.425 0.00470369
  202 -32.9386 0.428 0.00473689
  203 -32.8559 0.427 0.00472582
  204 -32.7733 0.454 0.00502464
  205 -32.6906 0.421 0.00465942
  206 -32.608 0.44 0.0048697
  207 -32.5253 0.489 0.00541201
  208 -32.4427 0.485 0.00536774
  209 -32.36 0.495 0.00547841
  210 -32.2773 0.453 0.00501358
  211 -32.1947 0.454 0.00502464
  212 -32.112 0.421 0.00465942
  213 -32.0294 0.428 0.00473689
  214 -31.9467 0.464 0.00513532
  215 -31.8641 0.448 0.00495824
  216 -31.7814 0.438 0.00484756
  217 -31.6988 0.413 0.00457088
  218 -31.6161 0.421 0.00465942
  219 -31.5334 0.407 0.00450447
  220 -31.4508 0.447 0.00494717
  221 -31.3681 0.484 0.00535667
  222 -31.2855 0.449 0.00496931
  223 -31.2028 0.447 0.00494717
  224 -31.1202 0.437 0.0048365
  225 -31.0375 0.482 0.00533453
  226 -30.9548 0.468 0.00517959
  227 -30.8722 0.455 0.00503571
  228 -30.7895 0.443 0.0049029
  229 -30.7069 0.495 0.00547841
  230 -30.6242 0.498 0.00551161
  231 -30.5416 0.499 0.00552268
  232 -30.4589 0.5 0.00553375
  233 -30.3763 0.523 0.0057883
  234 -30.2936 0.549 0.00607606
  235 -30.2109 0.513 0.00567763
  236 -30.1283 0.492 0.00544521
  237 -30.0456 0.507 0.00561122
  238 -29.963 0.522 0.00577723
  239 -29.8803 0.501 0.00554482
  240 -29.7977 0.509 0.00563336
  241 -29.715 0.494 0.00546734
  242 -29.6323 0.522 0.00577723
  243 -29.5497 0.534 0.00591004
  244 -29.467 0.477 0.0052792
  245 -29.3844 0.494 0.00546734
  246 -29.3017 0.494 0.00546734
  247 -29.2191 0.474 0.00524599
  248 -29.1364 0.45 0.00498037
  249 -29.0537 0.431 0.00477009
  250 -28.9711 0.464 0.00513532
  251 -28.8884 0.472 0.00522386
  252 -28.8058 0.468 0.00517959
  253 -28.7231 0.439 0.00485863
  254 -28.6405 0.425 0.00470369
  255 -28.5578 0.42 0.00464835
  256 -28.4752 0.474 0.00524599
  257 -28.3925 0.449 0.00496931
  258 -28.3098 0.553 0.00612033
  259 -28.2272 0.483 0.0053456
  260 -28.1445 0.485 0.00536774
  261 -28.0619 0.434 0.00480329
  262 -27.9792 0.482 0.00533453
  263 -27.8966 0.42 0.00464835
  264 -27.8139 0.429 0.00474796
  265 -27.7312 0.45 0.00498037
  266 -27.6486 0.425 0.00470369
  267 -27.5659 0.46 0.00509105
  268 -27.4833 0.445 0.00492504
  269 -27.4006 0.449 0.00496931
  270 -27.318 0.441 0.00488077
  271 -27.2353 0.451 0.00499144
  272 -27.1526 0.457 0.00505785
  273 -27.07 0.5 0.00553375
  274 -26.9873 0.512 0.00566656
  275 -26.9047 0.462 0.00511319
  276 -26.822 0.471 0.00521279
  277 -26.7394 0.515 0.00569976
  278 -26.6567 0.491 0.00543414
  279 -26.5741 0.477 0.0052792
  280 -26.4914 0.459 0.00507998
  281 -26.4087 0.49 0.00542307
  282 -26.3261 0.473 0.00523493
  283 -26.2434 0.457 0.00505785
  284 -26.1608 0.463 0.00512425
  285 -26.0781 0.5 0.00553375
  286 -25.9955 0.416 0.00460408
  287 -25.9128 0.468 0.00517959
  288 -25.8301 0.475 0.00525706
  289 -25.7475 0.417 0.00461515
  290 -25.6648 0.601 0.00665157
  291 -25.5822 0.54 0.00597645
  292 -25.4995 0.512 0.00566656
  293 -25.4169 0.485 0.00536774
  294 -25.3342 0.477 0.0052792
  295 -25.2516 0.461 0.00510212
  296 -25.1689 0.513 0.00567763
  297 -25.0862 0.498 0.00551161
  298 -25.0036 0.496 0.00548948
  299 -24.9209 0.538 0.00595431
  300 -24.8383 0.499 0.00552268
  301 -24.7556 0.49 0.00542307
  302 -24.673 0.489 0.00541201
  303 -24.5903 0.464 0.00513532
  304 -24.5076 0.481 0.00532347
  305 -24.425 0.481 0.00532347
  306 -24.3423 0.513 0.00567763
  307 -24.2597 0.456 0.00504678
  308 -24.177 0.523 0.0057883
  309 -24.0944 0.496 0.00548948
  310 -24.0117 0.45 0.00498037
  311 -23.929 0.483 0.0053456
  312 -23.8464 0.48 0.0053124
  313 -23.7637 0.488 0.00540094
  314 -23.6811 0.482 0.00533453
  315 -23.5984 0.492 0.00544521
  316 -23.5158 0.48 0.0053124
  317 -23.4331 0.471 0.00521279
  318 -23.3505 0.5 0.00553375
  319 -23.2678 0.492 0.00544521
  320 -23.1851 0.469 0.00519066
  321 -23.1025 0.478 0.00529026
  322 -23.0198 0.494 0.00546734
  323 -22.9372 0.515 0.00569976
  324 -22.8545 0.492 0.00544521
  325 -22.7719 0.516 0.00571083
  326 -22.6892 0.496 0.00548948
  327 -22.6065 0.506 0.00560015
  328 -22.5239 0.482 0.00533453
  329 -22.4412 0.533 0.00589898
  330 -22.3586 0.486 0.0053788
  331 -22.2759 0.506 0.00560015
  332 -22.1933 0.496 0.00548948
  333 -22.1106 0.511 0.00565549
  334 -22.0279 0.504 0.00557802
  335 -21.9453 0.515 0.00569976
  336 -21.8626 0.543 0.00600965
  337 -21.78 0.491 0.00543414
  338 -21.6973 0.522 0.00577723
  339 -21.6147 0.555 0.00614246
  340 -21.532 0.539 0.00596538
  341 -21.4494 0.479 0.00530133
  342 -21.3667 0.503 0.00556695
  343 -21.284 0.478 0.00529026
  344 -21.2014 0.48 0.0053124
  345 -21.1187 0.468 0.00517959
  346 -21.0361 0.531 0.00587684
  347 -20.9534 0.478 0.00529026
  348 -20.8708 0.446 0.0049361
  349 -20.7881 0.467 0.00516852
  350 -20.7054 0.48 0.0053124
  351 -20.6228 0.432 0.00478116
  352 -20.5401 0.46 0.00509105
  353 -20.4575 0.467 0.00516852
  354 -20.3748 0.503 0.00556695
  355 -20.2922 0.48 0.0053124
  356 -20.2095 0.456 0.00504678
  357 -20.1268 0.508 0.00562229
  358 -20.0442 0.469 0.00519066
  359 -19.9615 0.455 0.00503571
  360 -19.8789 0.501 0.00554482
  361 -19.7962 0.491 0.00543414
  362 -19.7136 0.414 0.00458194
  363 -19.6309 0.466 0.00515746
  364 -19.5483 0.461 0.00510212
  365 -19.4656 0.449 0.00496931
  366 -19.3829 0.462 0.00511319
  367 -19.3003 0.481 0.00532347
  368 -19.2176 0.493 0.00545628
  369 -19.135 0.474 0.00524599
  370 -19.0523 0.496 0.00548948
  371 -18.9697 0.47 0.00520172
  372 -18.887 0.5 0.00553375
  373 -18.8043 0.469 0.00519066
  374 -18.7217 0.469 0.00519066
  375 -18.639 0.498 0.00551161
  376 -18.5564 0.475 0.00525706
  377 -18.4737 0.423 0.00468155
  378 -18.3911 0.483 0.0053456
  379 -18.3084 0.408 0.00451554
  380 -18.2258 0.423 0.00468155
  381 -18.1431 0.419 0.00463728
  382 -18.0604 0.447 0.00494717
  383 -17.9778 0.43 0.00475902
  384 -17.8951 0.426 0.00471475
  385 -17.8125 0.407 0.00450447
  386 -17.7298 0.465 0.00514639
  387 -17.6472 0.43 0.00475902
  388 -17.5645 0.448 0.00495824
  389 -17.4818 0.439 0.00485863
  390 -17.3992 0.446 0.0049361
  391 -17.3165 0.443 0.0049029
  392 -17.2339 0.413 0.00457088
  393 -17.1512 0.446 0.0049361
  394 -17.0686 0.436 0.00482543
  395 -16.9859 0.441 0.00488077
  396 -16.9032 0.413 0.00457088
  397 -16.8206 0.44 0.0048697
  398 -16.7379 0.416 0.00460408
  399 -16.6553 0.444 0.00491397
  400 -16.5726 0.449 0.00496931
  401 -16.49 0.413 0.00457088
  402 -16.4073 0.464 0.00513532
  403 -16.3247 0.495 0.00547841
  404 -16.242 0.535 0.00592111
  405 -16.1593 0.488 0.00540094
  406 -16.0767 0.478 0.00529026
  407 -15.994 0.473 0.00523493
  408 -15.9114 0.484 0.00535667
  409 -15.8287 0.42 0.00464835
  410 -15.7461 0.465 0.00514639
  411 -15.6634 0.466 0.00515746
  412 -15.5807 0.443 0.0049029
  413 -15.4981 0.463 0.00512425
  414 -15.4154 0.415 0.00459301
  415 -15.3328 0.442 0.00489183
  416 -15.2501 0.505 0.00558909
  417 -15.1675 0.447 0.00494717
  418 -15.0848 0.471 0.00521279
  419 -15.0021 0.444 0.00491397
  420 -14.9195 0.436 0.00482543
  421 -14.8368 0.459 0.00507998
  422 -14.7542 0.455 0.00503571
  423 -14.6715 0.508 0.00562229
  424 -14.5889 0.509 0.00563336
  425 -14.5062 0.502 0.00555588
  426 -14.4236 0.499 0.00552268
  427 -14.3409 0.542 0.00599858
  428 -14.2582 0.51 0.00564442
  429 -14.1756 0.512 0.00566656
  430 -14.0929 0.443 0.0049029
  431 -14.0103 0.492 0.00544521
  432 -13.9276 0.499 0.00552268
  433 -13.845 0.49 0.00542307
  434 -13.7623 0.509 0.00563336
  435 -13.6796 0.525 0.00581044
  436 -13.597 0.576 0.00637488
  437 -13.5143 0.549 0.00607606
  438 -13.4317 0.605 0.00669584
  439 -13.349 0.622 0.00688398
  440 -13.2664 0.667 0.00738202
  441 -13.1837 0.801 0.00886507
  442 -13.101 0.925 0.0102374
  443 -13.0184 1.012 0.0112003
  444 -12.9357 1.226 0.0135688
  445 -12.8531 1.311 0.0145095
  446 -12.7704 1.639 0.0181396
  447 -12.6878 1.929 0.0213492
  448 -12.6051 2.289 0.0253335
  449 -12.5225 2.703 0.0299155
  450 -12.4398 3.276 0.0362571
  451 -12.3571 3.944 0.0436502
  452 -12.2745 4.653 0.0514971
  453 -12.1918 5.764 0.0637931
  454 -12.1092 6.908 0.0764543
  455 -12.0265 7.845 0.0868245
  456 -11.9439 9.448 0.104566
  457 -11.8612 11 0.121742
  458 -11.7785 12.704 0.140602
  459 -11.6959 14.88 0.164684
  460 -11.6132 17.088 0.189121
  461 -11.5306 19.482 0.215617
  462 -11.4479 21.84 0.241714
  463 -11.3653 24.663 0.272958
  464 -11.2826 27.511 0.304478
  465 -11.2 30.446 0.336961
  466 -11.1173 33.395 0.369599
  467 -11.0346 36.835 0.407671
  468 -10.952 39.701 0.439391
  469 -10.8693 42.953 0.475382
  470 -10.7867 45.949 0.508541
  471 -10.704 48.142 0.532812
  472 -10.6214 50.507 0.558986
  473 -10.5387 53.396 0.59096
  474 -10.456 55.302 0.612055
  475 -10.3734 57.274 0.63388
  476 -10.2907 59.954 0.663541
  477 -10.2081 61.221 0.677563
  478 -10.1254 62.891 0.696046
  479 -10.0428 64.124 0.709692
  480 -9.9601 64.925 0.718557
  481 -9.87745 66.572 0.736786
  482 -9.79479 66.938 0.740836
  483 -9.71213 67.654 0.748761
  484 -9.62948 68.145 0.754195
  485 -9.54682 68.919 0.762761
  486 -9.46417 69.531 0.769534
  487 -9.38151 70.188 0.776806
  488 -9.29885 70.608 0.781454
  489 -9.2162 70.97 0.78546
  490 -9.13354 71.489 0.791205
  491 -9.05088 71.251 0.78857
  492 -8.96823 71.76 0.794204
  493 -8.88557 71.955 0.796362
  494 -8.80291 71.65 0.792986
  495 -8.72026 71.413 0.790363
  496 -8.6376 71.986 0.796705
  497 -8.55494 72.192 0.798985
  498 -8.47229 72.061 0.797535
  499 -8.38963 72.333 0.800545
  500 -8.30697 72.693 0.80453
  501 -8.22432 72.648 0.804032
  502 -8.14166 72.809 0.805814
  503 -8.05901 72.664 0.804209
  504 -7.97635 72.293 0.800103
  505 -7.89369 72.644 0.803987
  506 -7.81104 72.471 0.802073
  507 -7.72838 72.587 0.803357
  508 -7.64572 72.32 0.800402
  509 -7.56307 72.426 0.801575
  510 -7.48041 72.792 0.805625
  511 -7.39775 72.754 0.805205
  512 -7.3151 72.51 0.802504
  513 -7.23244 73.004 0.807972
  514 -7.14978 72.877 0.806566
  515 -7.06713 72.773 0.805415
  516 -6.98447 72.728 0.804917
  517 -6.90181 72.762 0.805293
  518 -6.81916 72.427 0.801586
  519 -6.7365 72.699 0.804596
  520 -6.65385 72.845 0.806212
  521 -6.57119 72.492 0.802305
  522 -6.48853 72.745 0.805105
  523 -6.40588 72.411 0.801409
  524 -6.32322 72.768 0.80536
  525 -6.24056 72.458 0.801929
  526 -6.15791 72.965 0.80754
  527 -6.07525 72.78 0.805493
  528 -5.99259 72.98 0.807706
  529 -5.90994 72.95 0.807374
  530 -5.82728 72.656 0.80412
  531 -5.74462 72.568 0.803146
  532 -5.66197 72.622 0.803744
  533 -5.57931 72.71 0.804718
  534 -5.49665 72.597 0.803467
  535 -5.414 72.925 0.807097
  536 -5.33134 73.264 0.810849
  537 -5.24869 72.502 0.802416
  538 -5.16603 73.046 0.808437
  539 -5.08337 72.476 0.802128
  540 -5.00072 72.385 0.801121
  541 -4.91806 72.592 0.803412
  542 -4.8354 73 0.807927
  543 -4.75275 72.659 0.804153
  544 -4.67009 72.595 0.803445
  545 -4.58743 73.334 0.811624
  546 -4.50478 73.108 0.809123
  547 -4.42212 72.741 0.805061
  548 -4.33946 72.546 0.802903
  549 -4.25681 72.427 0.801586
  550 -4.17415 72.693 0.80453
  551 -4.0915 72.655 0.804109
  552 -4.00884 72.141 0.798421
  553 -3.92618 72.572 0.803191
  554 -3.84353 72.386 0.801132
  555 -3.76087 72.926 0.807109
  556 -3.67821 73.229 0.810462
  557 -3.59556 72.964 0.807529
  558 -3.5129 72.824 0.80598
  559 -3.43024 72.627 0.803799
  560 -3.34759 72.434 0.801663
  561 -3.26493 72.632 0.803855
  562 -3.18227 72.524 0.802659
  563 -3.09962 72.254 0.799671
  564 -3.01696 72.398 0.801265
  565 -2.9343 73.021 0.80816
  566 -2.85165 72.813 0.805858
  567 -2.76899 72.809 0.805814
  568 -2.68634 72.913 0.806965
  569 -2.60368 72.714 0.804762
  570 -2.52102 72.407 0.801364
  571 -2.43837 72.522 0.802637
  572 -2.35571 72.434 0.801663
  573 -2.27305 72.732 0.804961
  574 -2.1904 72.285 0.800014
  575 -2.10774 72.475 0.802117
  576 -2.02508 72.723 0.804862
  577 -1.94243 72.517 0.802582
  578 -1.85977 72.891 0.806721
  579 -1.77711 73.025 0.808204
  580 -1.69446 72.611 0.803622
  581 -1.6118 72.766 0.805338
  582 -1.52914 72.527 0.802693
  583 -1.44649 71.952 0.796329
  584 -1.36383 72.437 0.801696
  585 -1.28118 72.875 0.806544
  586 -1.19852 72.51 0.802504
  587 -1.11586 72.835 0.806101
  588 -1.03321 72.79 0.805603
  589 -0.950549 73.04 0.80837
  590 -0.867893 73.208 0.81023
  591 -0.785236 72.786 0.805559
  592 -0.70258 72.816 0.805891
  593 -0.619923 72.525 0.80267
  594 -0.537267 72.279 0.799948
  595 -0.454611 72.735 0.804995
  596 -0.371954 72.016 0.797037
  597 -0.289298 72.523 0.802648
  598 -0.206641 72.86 0.806378
  599 -0.123985 73.129 0.809355
  600 -0.0413282 73.044 0.808414
  601 0.0413282 73.012 0.80806
  602 0.123985 73.266 0.810871
  603 0.206641 73.005 0.807983
  604 0.289298 72.562 0.80308
  605 0.371954 71.669 0.793197
  606 0.454611 72.24 0.799516
  607 0.537267 72.555 0.803002
  608 0.619923 72.024 0.797126
  609 0.70258 72.237 0.799483
  610 0.785236 73.101 0.809045
  611 0.867893 73.363 0.811945
  612 0.950549 73.513 0.813605
  613 1.03321 73.305 0.811303
  614 1.11586 72.907 0.806898
  615 1.19852 72.599 0.803489
  616 1.28118 72.262 0.79976
  617 1.36383 72.401 0.801298
  618 1.44649 72.237 0.799483
  619 1.52914 72.522 0.802637
  620 1.6118 71.987 0.796716
  621 1.69446 72.976 0.807662
  622 1.77711 73.287 0.811104
  623 1.85977 73.103 0.809067
  624 1.94243 73.294 0.811181
  625 2.02508 73.277 0.810993
  626 2.10774 72.766 0.805338
  627 2.1904 72.607 0.803578
  628 2.27305 72.738 0.805028
  629 2.35571 72.492 0.802305
  630 2.43837 72.088 0.797834
  631 2.52102 72.624 0.803766
  632 2.60368 72.747 0.805127
  633 2.68634 72.665 0.80422
  634 2.76899 73.517 0.813649
  635 2.85165 73.416 0.812532
  636 2.9343 73.191 0.810041
  637 3.01696 72.529 0.802715
  638 3.09962 72.466 0.802017
  639 3.18227 72.371 0.800966
  640 3.26493 72.293 0.800103
  641 3.34759 72.305 0.800236
  642 3.43024 72.76 0.805271
  643 3.5129 72.567 0.803135
  644 3.59556 72.766 0.805338
  645 3.67821 72.905 0.806876
  646 3.76087 72.424 0.801553
  647 3.84353 73.417 0.812543
  648 3.92618 72.968 0.807573
  649 4.00884 72.716 0.804784
  650 4.0915 72.086 0.797812
  651 4.17415 72.624 0.803766
  652 4.25681 72.757 0.805238
  653 4.33946 72.634 0.803877
  654 4.42212 72.608 0.803589
  655 4.50478 72.558 0.803036
  656 4.58743 72.768 0.80536
  657 4.67009 72.659 0.804153
  658 4.75275 72.387 0.801143
  659 4.8354 73.154 0.809632
  660 4.91806 72.321 0.800413
  661 5.00072 72.795 0.805659
  662 5.08337 72.678 0.804364
  663 5.16603 72.549 0.802936
  664 5.24869 72.761 0.805282
  665 5.33134 72.451 0.801851
  666 5.414 72.586 0.803346
  667 5.49665 72.772 0.805404
  668 5.57931 72.574 0.803213
  669 5.66197 72.205 0.799129
  670 5.74462 72.705 0.804663
  671 5.82728 72.391 0.801187
  672 5.90994 72.772 0.805404
  673 5.99259 73.204 0.810185
  674 6.07525 72.663 0.804198
  675 6.15791 72.618 0.8037
  676 6.24056 73.346 0.811757
  677 6.32322 72.314 0.800335
  678 6.40588 72.534 0.80277
  679 6.48853 72.323 0.800435
  680 6.57119 72.449 0.801829
  681 6.65385 72.805 0.805769
  682 6.7365 72.83 0.806046
  683 6.81916 72.895 0.806765
  684 6.90181 72.669 0.804264
  685 6.98447 72.792 0.805625
  686 7.06713 72.349 0.800723
  687 7.14978 72.901 0.806832
  688 7.23244 72.607 0.803578
  689 7.3151 73.027 0.808226
  690 7.39775 72.132 0.798321
  691 7.48041 72.632 0.803855
  692 7.56307 72.585 0.803334
  693 7.64572 72.263 0.799771
  694 7.72838 72.801 0.805725
  695 7.81104 72.688 0.804474
  696 7.89369 72.137 0.798376
  697 7.97635 72.934 0.807197
  698 8.05901 72.585 0.803334
  699 8.14166 72.856 0.806334
  700 8.22432 72.16 0.798631
  701 8.30697 72.415 0.801453
  702 8.38963 72.42 0.801508
  703 8.47229 72.465 0.802006
  704 8.55494 72.202 0.799096
  705 8.6376 71.855 0.795255
  706 8.72026 72.289 0.800059
  707 8.80291 72.007 0.796937
  708 8.88557 72.371 0.800966
  709 8.96823 71.55 0.79188
  710 9.05088 71.497 0.791293
  711 9.13354 71.244 0.788493
  712 9.2162 71.144 0.787386
  713 9.29885 70.967 0.785427
  714 9.38151 71.1 0.786899
  715 9.46417 70.779 0.783347
  716 9.54682 70.789 0.783457
  717 9.62948 70.506 0.780325
  718 9.71213 69.684 0.771228
  719 9.79479 68.814 0.761599
  720 9.87745 67.99 0.752479
  721 9.9601 67.456 0.746569
  722 10.0428 66.46 0.735546
  723 10.1254 65.469 0.724578
  724 10.2081 65.077 0.72024
  725 10.2907 63.64 0.704336
  726 10.3734 62.622 0.693069
  727 10.456 60.514 0.669739
  728 10.5387 58.863 0.651466
  729 10.6214 57.249 0.633603
  730 10.704 55.582 0.615154
  731 10.7867 53.152 0.58826
  732 10.8693 50.756 0.561742
  733 10.952 47.85 0.52958
  734 11.0346 45.615 0.504844
  735 11.1173 43.004 0.475947
  736 11.2 40.246 0.445423
  737 11.2826 37.336 0.413216
  738 11.3653 33.912 0.375321
  739 11.4479 30.856 0.341499
  740 11.5306 27.989 0.309768
  741 11.6132 25.095 0.277739
  742 11.6959 22.356 0.247425
  743 11.7785 20.254 0.224161
  744 11.8612 17.666 0.195518
  745 11.9439 15.589 0.172531
  746 12.0265 13.423 0.148559
  747 12.1092 11.796 0.130552
  748 12.1918 10.181 0.112678
  749 12.2745 8.481 0.0938635
  750 12.3571 7.418 0.0820987
  751 12.4398 6.203 0.0686517
  752 12.5225 5.275 0.0583811
  753 12.6051 4.501 0.0498148
  754 12.6878 3.85 0.0426099
  755 12.7704 3.228 0.0357259
  756 12.8531 2.733 0.0302475
  757 12.9357 2.31 0.0255659
  758 13.0184 1.939 0.0214599
  759 13.101 1.706 0.0188812
  760 13.1837 1.505 0.0166566
  761 13.2664 1.297 0.0143545
  762 13.349 1.021 0.0112999
  763 13.4317 0.985 0.0109015
  764 13.5143 0.822 0.00909748
  765 13.597 0.737 0.00815675
  766 13.6796 0.695 0.00769191
  767 13.7623 0.636 0.00703893
  768 13.845 0.611 0.00676224
  769 13.9276 0.565 0.00625314
  770 14.0103 0.523 0.0057883
  771 14.0929 0.5 0.00553375
  772 14.1756 0.498 0.00551161
  773 14.2582 0.489 0.00541201
  774 14.3409 0.493 0.00545628
  775 14.4236 0.494 0.00546734
  776 14.5062 0.488 0.00540094
  777 14.5889 0.453 0.00501358
  778 14.6715 0.489 0.00541201
  779 14.7542 0.51 0.00564442
  780 14.8368 0.508 0.00562229
  781 14.9195 0.505 0.00558909
  782 15.0021 0.482 0.00533453
  783 15.0848 0.461 0.00510212
  784 15.1675 0.471 0.00521279
  785 15.2501 0.447 0.00494717
  786 15.3328 0.432 0.00478116
  787 15.4154 0.433 0.00479223
  788 15.4981 0.429 0.00474796
  789 15.5807 0.452 0.00500251
  790 15.6634 0.458 0.00506891
  791 15.7461 0.454 0.00502464
  792 15.8287 0.466 0.00515746
  793 15.9114 0.443 0.0049029
  794 15.994 0.48 0.0053124
  795 16.0767 0.453 0.00501358
  796 16.1593 0.476 0.00526813
  797 16.242 0.43 0.00475902
  798 16.3247 0.474 0.00524599
  799 16.4073 0.458 0.00506891
  800 16.49 0.493 0.00545628
  801 16.5726 0.496 0.00548948
  802 16.6553 0.495 0.00547841
  803 16.7379 0.464 0.00513532
  804 16.8206 0.514 0.00568869
  805 16.9032 0.522 0.00577723
  806 16.9859 0.476 0.00526813
  807 17.0686 0.419 0.00463728
  808 17.1512 0.522 0.00577723
  809 17.2339 0.481 0.00532347
  810 17.3165 0.482 0.00533453
  811 17.3992 0.469 0.00519066
  812 17.4818 0.493 0.00545628
  813 17.5645 0.468 0.00517959
  814 17.6472 0.519 0.00574403
  815 17.7298 0.493 0.00545628
  816 17.8125 0.471 0.00521279
  817 17.8951 0.553 0.00612033
  818 17.9778 0.472 0.00522386
  819 18.0604 0.479 0.00530133
  820 18.1431 0.494 0.00546734
  821 18.2258 0.461 0.00510212
  822 18.3084 0.486 0.0053788
  823 18.3911 0.456 0.00504678
  824 18.4737 0.469 0.00519066
  825 18.5564 0.487 0.00538987
  826 18.639 0.47 0.00520172
  827 18.7217 0.448 0.00495824
  828 18.8043 0.464 0.00513532
  829 18.887 0.449 0.00496931
  830 18.9697 0.426 0.00471475
  831 19.0523 0.43 0.00475902
  832 19.135 0.431 0.00477009
  833 19.2176 0.441 0.00488077
  834 19.3003 0.466 0.00515746
  835 19.3829 0.413 0.00457088
  836 19.4656 0.464 0.00513532
  837 19.5483 0.458 0.00506891
  838 19.6309 0.441 0.00488077
  839 19.7136 0.424 0.00469262
  840 19.7962 0.44 0.0048697
  841 19.8789 0.436 0.00482543
  842 19.9615 0.411 0.00454874
  843 20.0442 0.405 0.00448234
  844 20.1268 0.4 0.004427
  845 20.2095 0.374 0.00413924
  846 20.2922 0.37 0.00409497
  847 20.3748 0.385 0.00426099
  848 20.4575 0.368 0.00407284
  849 20.5401 0.373 0.00412818
  850 20.6228 0.387 0.00428312
  851 20.7054 0.375 0.00415031
  852 20.7881 0.404 0.00447127
  853 20.8708 0.355 0.00392896
  854 20.9534 0.392 0.00433846
  855 21.0361 0.392 0.00433846
  856 21.1187 0.365 0.00403964
  857 21.2014 0.385 0.00426099
  858 21.284 0.386 0.00427206
  859 21.3667 0.378 0.00418351
  860 21.4494 0.437 0.0048365
  861 21.532 0.425 0.00470369
  862 21.6147 0.394 0.00436059
  863 21.6973 0.431 0.00477009
  864 21.78 0.422 0.00467048
  865 21.8626 0.457 0.00505785
  866 21.9453 0.446 0.0049361
  867 22.0279 0.469 0.00519066
  868 22.1106 0.427 0.00472582
  869 22.1933 0.431 0.00477009
  870 22.2759 0.391 0.00432739
  871 22.3586 0.396 0.00438273
  872 22.4412 0.431 0.00477009
  873 22.5239 0.414 0.00458194
  874 22.6065 0.391 0.00432739
  875 22.6892 0.45 0.00498037
  876 22.7719 0.412 0.00455981
  877 22.8545 0.393 0.00434953
  878 22.9372 0.403 0.0044602
  879 23.0198 0.387 0.00428312
  880 23.1025 0.438 0.00484756
  881 23.1851 0.395 0.00437166
  882 23.2678 0.42 0.00464835
  883 23.3505 0.387 0.00428312
  884 23.4331 0.392 0.00433846
  885 23.5158 0.419 0.00463728
  886 23.5984 0.423 0.00468155
  887 23.6811 0.403 0.0044602
  888 23.7637 0.434 0.00480329
  889 23.8464 0.406 0.0044934
  890 23.929 0.372 0.00411711
  891 24.0117 0.387 0.00428312
  892 24.0944 0.363 0.0040175
  893 24.177 0.393 0.00434953
  894 24.2597 0.367 0.00406177
  895 24.3423 0.38 0.00420565
  896 24.425 0.354 0.00391789
  897 24.5076 0.385 0.00426099
  898 24.5903 0.388 0.00429419
  899 24.673 0.386 0.00427206
  900 24.7556 0.383 0.00423885
  901 24.8383 0.416 0.00460408
  902 24.9209 0.405 0.00448234
  903 25.0036 0.39 0.00431633
  904 25.0862 0.417 0.00461515
  905 25.1689 0.438 0.00484756
  906 25.2516 0.448 0.00495824
  907 25.3342 0.435 0.00481436
  908 25.4169 0.445 0.00492504
  909 25.4995 0.426 0.00471475
  910 25.5822 0.437 0.0048365
  911 25.6648 0.444 0.00491397
  912 25.7475 0.536 0.00593218
  913 25.8301 0.436 0.00482543
  914 25.9128 0.447 0.00494717
  915 25.9955 0.459 0.00507998
  916 26.0781 0.449 0.00496931
  917 26.1608 0.438 0.00484756
  918 26.2434 0.465 0.00514639
  919 26.3261 0.454 0.00502464
  920 26.4087 0.461 0.00510212
  921 26.4914 0.479 0.00530133
  922 26.5741 0.483 0.0053456
  923 26.6567 0.484 0.00535667
  924 26.7394 0.446 0.0049361
  925 26.822 0.476 0.00526813
  926 26.9047 0.516 0.00571083
  927 26.9873 0.409 0.00452661
  928 27.07 0.424 0.00469262
  929 27.1526 0.462 0.00511319
  930 27.2353 0.497 0.00550055
  931 27.318 0.421 0.00465942
  932 27.4006 0.444 0.00491397
  933 27.4833 0.478 0.00529026
  934 27.5659 0.418 0.00462621
  935 27.6486 0.46 0.00509105
  936 27.7312 0.468 0.00517959
  937 27.8139 0.445 0.00492504
  938 27.8966 0.518 0.00573296
  939 27.9792 0.468 0.00517959
  940 28.0619 0.459 0.00507998
  941 28.1445 0.443 0.0049029
  942 28.2272 0.417 0.00461515
  943 28.3098 0.445 0.00492504
  944 28.3925 0.488 0.00540094
  945 28.4752 0.448 0.00495824
  946 28.5578 0.473 0.00523493
  947 28.6405 0.426 0.00471475
  948 28.7231 0.432 0.00478116
  949 28.8058 0.454 0.00502464
  950 28.8884 0.453 0.00501358
  951 28.9711 0.422 0.00467048
  952 29.0537 0.486 0.0053788
  953 29.1364 0.501 0.00554482
  954 29.2191 0.433 0.00479223
  955 29.3017 0.514 0.00568869
  956 29.3844 0.474 0.00524599
  957 29.467 0.485 0.00536774
  958 29.5497 0.457 0.00505785
  959 29.6323 0.446 0.0049361
  960 29.715 0.429 0.00474796
  961 29.7977 0.444 0.00491397
  962 29.8803 0.424 0.00469262
  963 29.963 0.44 0.0048697
  964 30.0456 0.441 0.00488077
  965 30.1283 0.486 0.0053788
  966 30.2109 0.442 0.00489183
  967 30.2936 0.484 0.00535667
  968 30.3763 0.468 0.00517959
  969 30.4589 0.47 0.00520172
  970 30.5416 0.435 0.00481436
  971 30.6242 0.458 0.00506891
  972 30.7069 0.433 0.00479223
  973 30.7895 0.486 0.0053788
  974 30.8722 0.435 0.00481436
  975 30.9548 0.479 0.00530133
  976 31.0375 0.458 0.00506891
  977 31.1202 0.49 0.00542307
  978 31.2028 0.462 0.00511319
  979 31.2855 0.418 0.00462621
  980 31.3681 0.429 0.00474796
  981 31.4508 0.439 0.00485863
  982 31.5334 0.44 0.0048697
  983 31.6161 0.483 0.0053456
  984 31.6988 0.438 0.00484756
  985 31.7814 0.508 0.00562229
  986 31.8641 0.48 0.0053124
  987 31.9467 0.489 0.00541201
  988 32.0294 0.471 0.00521279
  989 32.112 0.438 0.00484756
  990 32.1947 0.467 0.00516852
  991 32.2773 0.457 0.00505785
  992 32.36 0.462 0.00511319
  993 32.4427 0.483 0.0053456
  994 32.5253 0.454 0.00502464
  995 32.608 0.467 0.00516852
  996 32.6906 0.486 0.0053788
  997 32.7733 0.482 0.00533453
  998 32.8559 0.478 0.00529026
  999 32.9386 0.462 0.00511319
  1000 33.0213 0.525 0.00581044
  1001 33.1039 0.473 0.00523493
  1002 33.1866 0.453 0.00501358
  1003 33.2692 0.436 0.00482543
  1004 33.3519 0.463 0.00512425
  1005 33.4345 0.443 0.0049029
  1006 33.5172 0.428 0.00473689
  1007 33.5999 0.447 0.00494717
  1008 33.6825 0.424 0.00469262
  1009 33.7652 0.45 0.00498037
  1010 33.8478 0.446 0.0049361
  1011 33.9305 0.467 0.00516852
  1012 34.0131 0.496 0.00548948
  1013 34.0958 0.467 0.00516852
  1014 34.1784 0.437 0.0048365
  1015 34.2611 0.453 0.00501358
  1016 34.3438 0.447 0.00494717
  1017 34.4264 0.451 0.00499144
  1018 34.5091 0.462 0.00511319
  1019 34.5917 0.46 0.00509105
  1020 34.6744 0.435 0.00481436
  1021 34.757 0.539 0.00596538
  1022 34.8397 0.475 0.00525706
  1023 34.9224 0.438 0.00484756
  1024 35.005 0.455 0.00503571
  1025 35.0877 0.45 0.00498037
  1026 35.1703 0.466 0.00515746
  1027 35.253 0.446 0.0049361
  1028 35.3356 0.465 0.00514639
  1029 35.4183 0.419 0.00463728
  1030 35.501 0.484 0.00535667
  1031 35.5836 0.426 0.00471475
  1032 35.6663 0.381 0.00421672
  1033 35.7489 0.453 0.00501358
  1034 35.8316 0.41 0.00453767
  1035 35.9142 0.425 0.00470369
  1036 35.9969 0.416 0.00460408
  1037 36.0795 0.423 0.00468155
  1038 36.1622 0.455 0.00503571
  1039 36.2449 0.452 0.00500251
  1040 36.3275 0.398 0.00440486
  1041 36.4102 0.446 0.0049361
  1042 36.4928 0.39 0.00431633
  1043 36.5755 0.402 0.00444913
  1044 36.6581 0.411 0.00454874
  1045 36.7408 0.422 0.00467048
  1046 36.8235 0.424 0.00469262
  1047 36.9061 0.41 0.00453767
  1048 36.9888 0.422 0.00467048
  1049 37.0714 0.388 0.00429419
  1050 37.1541 0.398 0.00440486
  1051 37.2367 0.404 0.00447127
  1052 37.3194 0.391 0.00432739
  1053 37.4021 0.425 0.00470369
  1054 37.4847 0.436 0.00482543
  1055 37.5674 0.408 0.00451554
  1056 37.65 0.399 0.00441593
  1057 37.7327 0.431 0.00477009
  1058 37.8153 0.447 0.00494717
  1059 37.898 0.509 0.00563336
  1060 37.9806 0.42 0.00464835
  1061 38.0633 0.473 0.00523493
  1062 38.146 0.428 0.00473689
  1063 38.2286 0.455 0.00503571
  1064 38.3113 0.411 0.00454874
  1065 38.3939 0.413 0.00457088
  1066 38.4766 0.447 0.00494717
  1067 38.5592 0.415 0.00459301
  1068 38.6419 0.433 0.00479223
  1069 38.7246 0.409 0.00452661
  1070 38.8072 0.447 0.00494717
  1071 38.8899 0.418 0.00462621
  1072 38.9725 0.416 0.00460408
  1073 39.0552 0.437 0.0048365
  1074 39.1378 0.448 0.00495824
  1075 39.2205 0.423 0.00468155
  1076 39.3031 0.485 0.00536774
  1077 39.3858 0.414 0.00458194
  1078 39.4685 0.47 0.00520172
  1079 39.5511 0.425 0.00470369
  1080 39.6338 0.464 0.00513532
  1081 39.7164 0.453 0.00501358
  1082 39.7991 0.469 0.00519066
  1083 39.8817 0.476 0.00526813
  1084 39.9644 0.461 0.00510212
  1085 40.0471 0.46 0.00509105
  1086 40.1297 0.451 0.00499144
  1087 40.2124 0.454 0.00502464
  1088 40.295 0.461 0.00510212
  1089 40.3777 0.417 0.00461515
  1090 40.4603 0.454 0.00502464
  1091 40.543 0.414 0.00458194
  1092 40.6257 0.439 0.00485863
  1093 40.7083 0.456 0.00504678
  1094 40.791 0.43 0.00475902
  1095 40.8736 0.415 0.00459301
  1096 40.9563 0.465 0.00514639
  1097 41.0389 0.42 0.00464835
  1098 41.1216 0.422 0.00467048
  1099 41.2042 0.456 0.00504678
  1100 41.2869 0.459 0.00507998
  1101 41.3696 0.456 0.00504678
  1102 41.4522 0.454 0.00502464
  1103 41.5349 0.427 0.00472582
  1104 41.6175 0.445 0.00492504
  1105 41.7002 0.456 0.00504678
  1106 41.7828 0.437 0.0048365
  1107 41.8655 0.468 0.00517959
  1108 41.9482 0.451 0.00499144
  1109 42.0308 0.452 0.00500251
  1110 42.1135 0.448 0.00495824
  1111 42.1961 0.433 0.00479223
  1112 42.2788 0.441 0.00488077
  1113 42.3614 0.43 0.00475902
  1114 42.4441 0.403 0.0044602
  1115 42.5268 0.448 0.00495824
  1116 42.6094 0.441 0.00488077
  1117 42.6921 0.463 0.00512425
  1118 42.7747 0.409 0.00452661
  1119 42.8574 0.456 0.00504678
  1120 42.94 0.445 0.00492504
  1121 43.0227 0.422 0.00467048
  1122 43.1053 0.448 0.00495824
  1123 43.188 0.457 0.00505785
  1124 43.2707 0.45 0.00498037
  1125 43.3533 0.45 0.00498037
  1126 43.436 0.418 0.00462621
  1127 43.5186 0.446 0.0049361
  1128 43.6013 0.446 0.0049361
  1129 43.6839 0.446 0.0049361
  1130 43.7666 0.443 0.0049029
  1131 43.8493 0.437 0.0048365
  1132 43.9319 0.459 0.00507998
  1133 44.0146 0.436 0.00482543
  1134 44.0972 0.439 0.00485863
  1135 44.1799 0.452 0.00500251
  1136 44.2625 0.441 0.00488077
  1137 44.3452 0.418 0.00462621
  1138 44.4279 0.469 0.00519066
  1139 44.5105 0.425 0.00470369
  1140 44.5932 0.448 0.00495824
  1141 44.6758 0.434 0.00480329
  1142 44.7585 0.419 0.00463728
  1143 44.8411 0.403 0.0044602
  1144 44.9238 0.452 0.00500251
  1145 45.0064 0.467 0.00516852
  1146 45.0891 0.429 0.00474796
  1147 45.1718 0.43 0.00475902
  1148 45.2544 0.436 0.00482543
  1149 45.3371 0.397 0.0043938
  1150 45.4197 0.414 0.00458194
  1151 45.5024 0.425 0.00470369
  1152 45.585 0.434 0.00480329
  1153 45.6677 0.397 0.0043938
  1154 45.7504 0.438 0.00484756
  1155 45.833 0.419 0.00463728
  1156 45.9157 0.409 0.00452661
  1157 45.9983 0.432 0.00478116
  1158 46.081 0.438 0.00484756
  1159 46.1636 0.453 0.00501358
  1160 46.2463 0.446 0.0049361
  1161 46.3289 0.437 0.0048365
  1162 46.4116 0.49 0.00542307
  1163 46.4943 0.499 0.00552268
  1164 46.5769 0.475 0.00525706
  1165 46.6596 0.471 0.00521279
  1166 46.7422 0.449 0.00496931
  1167 46.8249 0.466 0.00515746
  1168 46.9075 0.44 0.0048697
  1169 46.9902 0.454 0.00502464
  1170 47.0729 0.434 0.00480329
  1171 47.1555 0.466 0.00515746
  1172 47.2382 0.418 0.00462621
  1173 47.3208 0.396 0.00438273
  1174 47.4035 0.457 0.00505785
  1175 47.4861 0.459 0.00507998
  1176 47.5688 0.457 0.00505785
  1177 47.6515 0.444 0.00491397
  1178 47.7341 0.419 0.00463728
  1179 47.8168 0.478 0.00529026
  1180 47.8994 0.436 0.00482543
  1181 47.9821 0.44 0.0048697
  1182 48.0647 0.417 0.00461515
  1183 48.1474 0.433 0.00479223
  1184 48.23 0.431 0.00477009
  1185 48.3127 0.444 0.00491397
  1186 48.3954 0.423 0.00468155
  1187 48.478 0.434 0.00480329
  1188 48.5607 0.402 0.00444913
  1189 48.6433 0.445 0.00492504
  1190 48.726 0.441 0.00488077
  1191 48.8086 0.464 0.00513532
  1192 48.8913 0.397 0.0043938
  1193 48.974 0.429 0.00474796
  1194 49.0566 0.431 0.00477009
  1195 49.1393 0.412 0.00455981
  1196 49.2219 0.435 0.00481436
  1197 49.3046 0.427 0.00472582
  1198 49.3872 0.442 0.00489183
  1199 49.4699 0.44 0.0048697
  1200 49.5526 0.421 0.00465942
