# Chunk-averaged data for fix denprof and group file
# Timestep Number-of-chunks Total-count
# Chunk Coord1 Ncount density/number
3500000 1200 20000
  1 -49.5526 16.424 0.181773
  2 -49.4699 16.345 0.180898
  3 -49.3872 16.428 0.181817
  4 -49.3046 16.513 0.182758
  5 -49.2219 16.349 0.180943
  6 -49.1393 16.098 0.178165
  7 -49.0566 16.245 0.179792
  8 -48.974 16.373 0.181208
  9 -48.8913 16.359 0.181053
  10 -48.8086 16.501 0.182625
  11 -48.726 16.144 0.178674
  12 -48.6433 16.194 0.179227
  13 -48.5607 16.389 0.181385
  14 -48.478 16.292 0.180312
  15 -48.3954 16.337 0.18081
  16 -48.3127 16.292 0.180312
  17 -48.23 16.32 0.180622
  18 -48.1474 16.353 0.180987
  19 -48.0647 16.469 0.182271
  20 -47.9821 16.25 0.179847
  21 -47.8994 16.391 0.181407
  22 -47.8168 16.519 0.182824
  23 -47.7341 16.316 0.180577
  24 -47.6515 16.227 0.179592
  25 -47.5688 16.814 0.186089
  26 -47.4861 16.649 0.184263
  27 -47.4035 16.474 0.182326
  28 -47.3208 16.346 0.180909
  29 -47.2382 16.646 0.18423
  30 -47.1555 16.144 0.178674
  31 -47.0729 16.552 0.183189
  32 -46.9902 16.539 0.183045
  33 -46.9075 16.691 0.184728
  34 -46.8249 16.698 0.184805
  35 -46.7422 16.859 0.186587
  36 -46.6596 16.522 0.182857
  37 -46.5769 16.389 0.181385
  38 -46.4943 16.719 0.185038
  39 -46.4116 16.633 0.184086
  40 -46.3289 16.627 0.184019
  41 -46.2463 16.7 0.184827
  42 -46.1636 16.523 0.182868
  43 -46.081 16.871 0.18672
  44 -45.9983 16.367 0.181142
  45 -45.9157 16.677 0.184573
  46 -45.833 16.732 0.185181
  47 -45.7504 16.578 0.183477
  48 -45.6677 16.688 0.184694
  49 -45.585 16.628 0.18403
  50 -45.5024 16.798 0.185912
  51 -45.4197 16.827 0.186233
  52 -45.3371 16.793 0.185857
  53 -45.2544 16.805 0.185989
  54 -45.1718 16.699 0.184816
  55 -45.0891 16.479 0.182381
  56 -45.0064 16.458 0.182149
  57 -44.9238 16.647 0.184241
  58 -44.8411 16.533 0.182979
  59 -44.7585 16.657 0.184351
  60 -44.6758 16.349 0.180943
  61 -44.5932 16.342 0.180865
  62 -44.5105 16.456 0.182127
  63 -44.4279 16.449 0.182049
  64 -44.3452 16.408 0.181596
  65 -44.2625 16.435 0.181894
  66 -44.1799 16.406 0.181573
  67 -44.0972 16.514 0.182769
  68 -44.0146 16.523 0.182868
  69 -43.9319 16.44 0.18195
  70 -43.8493 16.243 0.179769
  71 -43.7666 16.453 0.182094
  72 -43.6839 16.371 0.181186
  73 -43.6013 16.408 0.181596
  74 -43.5186 16.391 0.181407
  75 -43.436 16.278 0.180157
  76 -43.3533 16.293 0.180323
  77 -43.2707 16.246 0.179803
  78 -43.188 16.315 0.180566
  79 -43.1053 16.474 0.182326
  80 -43.0227 16.382 0.181308
  81 -42.94 16.302 0.180422
  82 -42.8574 16.605 0.183776
  83 -42.7747 16.444 0.181994
  84 -42.6921 16.323 0.180655
  85 -42.6094 16.042 0.177545
  86 -42.5268 16.163 0.178884
  87 -42.4441 16.179 0.179061
  88 -42.3614 16.295 0.180345
  89 -42.2788 16.253 0.17988
  90 -42.1961 16.303 0.180433
  91 -42.1135 16.13 0.178519
  92 -42.0308 16.054 0.177678
  93 -41.9482 16.044 0.177567
  94 -41.8655 16.038 0.177501
  95 -41.7828 16.094 0.17812
  96 -41.7002 16.118 0.178386
  97 -41.6175 16.345 0.180898
  98 -41.5349 16.014 0.177235
  99 -41.4522 16.255 0.179902
  100 -41.3696 15.958 0.176615
  101 -41.2869 16.048 0.177611
  102 -41.2042 16.026 0.177368
  103 -41.1216 16.158 0.178829
  104 -41.0389 16.015 0.177246
  105 -40.9563 16.22 0.179515
  106 -40.8736 16.172 0.178984
  107 -40.791 15.816 0.175044
  108 -40.7083 15.944 0.17646
  109 -40.6257 16.104 0.178231
  110 -40.543 15.931 0.176316
  111 -40.4603 16.229 0.179614
  112 -40.3777 16.013 0.177224
  113 -40.295 16.019 0.17729
  114 -40.2124 16.142 0.178652
  115 -40.1297 15.958 0.176615
  116 -40.0471 16.059 0.177733
  117 -39.9644 16.266 0.180024
  118 -39.8817 15.935 0.176361
  119 -39.7991 15.885 0.175807
  120 -39.7164 16.014 0.177235
  121 -39.6338 15.944 0.17646
  122 -39.5511 16.07 0.177855
  123 -39.4685 16.12 0.178408
  124 -39.3858 16.095 0.178131
  125 -39.3031 16.13 0.178519
  126 -39.2205 15.757 0.174391
  127 -39.1378 16.17 0.178961
  128 -39.0552 16.001 0.177091
  129 -38.9725 16.334 0.180777
  130 -38.8899 15.825 0.175143
  131 -38.8072 16.033 0.177445
  132 -38.7246 15.877 0.175719
  133 -38.6419 16 0.17708
  134 -38.5592 16.062 0.177766
  135 -38.4766 15.951 0.176538
  136 -38.3939 15.86 0.175531
  137 -38.3113 15.624 0.172919
  138 -38.2286 15.938 0.176394
  139 -38.146 15.848 0.175398
  140 -38.0633 15.688 0.173627
  141 -37.9806 15.696 0.173715
  142 -37.898 16.051 0.177644
  143 -37.8153 15.819 0.175077
  144 -37.7327 15.91 0.176084
  145 -37.65 15.647 0.173173
  146 -37.5674 15.898 0.175951
  147 -37.4847 15.898 0.175951
  148 -37.4021 15.805 0.174922
  149 -37.3194 15.952 0.176549
  150 -37.2367 15.68 0.173538
  151 -37.1541 15.823 0.175121
  152 -37.0714 15.805 0.174922
  153 -36.9888 15.729 0.174081
  154 -36.9061 15.975 0.176803
  155 -36.8235 15.956 0.176593
  156 -36.7408 15.851 0.175431
  157 -36.6581 15.867 0.175608
  158 -36.5755 16.028 0.17739
  159 -36.4928 15.92 0.176195
  160 -36.4102 15.939 0.176405
  161 -36.3275 15.828 0.175176
  162 -36.2449 15.767 0.174501
  163 -36.1622 15.855 0.175475
  164 -36.0795 15.76 0.174424
  165 -35.9969 16.084 0.17801
  166 -35.9142 15.842 0.175331
  167 -35.8316 16.214 0.179448
  168 -35.7489 16.027 0.177379
  169 -35.6663 15.694 0.173693
  170 -35.5836 15.91 0.176084
  171 -35.501 15.999 0.177069
  172 -35.4183 15.946 0.176482
  173 -35.3356 15.817 0.175055
  174 -35.253 15.91 0.176084
  175 -35.1703 15.961 0.176648
  176 -35.0877 15.887 0.175829
  177 -35.005 15.877 0.175719
  178 -34.9224 15.756 0.17438
  179 -34.8397 15.811 0.174988
  180 -34.757 15.859 0.175519
  181 -34.6744 15.843 0.175342
  182 -34.5917 16 0.17708
  183 -34.5091 15.905 0.176029
  184 -34.4264 15.898 0.175951
  185 -34.3438 15.853 0.175453
  186 -34.2611 15.758 0.174402
  187 -34.1784 15.887 0.175829
  188 -34.0958 15.749 0.174302
  189 -34.0131 15.846 0.175376
  190 -33.9305 16.007 0.177157
  191 -33.8478 16.063 0.177777
  192 -33.7652 15.764 0.174468
  193 -33.6825 15.914 0.176128
  194 -33.5999 16.008 0.177169
  195 -33.5172 15.844 0.175353
  196 -33.4345 15.787 0.174723
  197 -33.3519 15.873 0.175674
  198 -33.2692 15.809 0.174966
  199 -33.1866 15.749 0.174302
  200 -33.1039 15.753 0.174346
  201 -33.0213 15.899 0.175962
  202 -32.9386 15.848 0.175398
  203 -32.8559 15.67 0.173428
  204 -32.7733 15.865 0.175586
  205 -32.6906 15.766 0.17449
  206 -32.608 15.787 0.174723
  207 -32.5253 16.041 0.177534
  208 -32.4427 16.056 0.1777
  209 -32.36 15.899 0.175962
  210 -32.2773 16.228 0.179603
  211 -32.1947 15.877 0.175719
  212 -32.112 15.904 0.176018
  213 -32.0294 16.018 0.177279
  214 -31.9467 15.848 0.175398
  215 -31.8641 15.922 0.176217
  216 -31.7814 16.05 0.177633
  217 -31.6988 16.134 0.178563
  218 -31.6161 15.898 0.175951
  219 -31.5334 15.905 0.176029
  220 -31.4508 15.908 0.176062
  221 -31.3681 15.999 0.177069
  222 -31.2855 16.135 0.178574
  223 -31.2028 15.926 0.176261
  224 -31.1202 15.686 0.173605
  225 -31.0375 16.064 0.177788
  226 -30.9548 16.136 0.178585
  227 -30.8722 15.843 0.175342
  228 -30.7895 15.899 0.175962
  229 -30.7069 15.963 0.176671
  230 -30.6242 16.314 0.180555
  231 -30.5416 16.258 0.179935
  232 -30.4589 15.86 0.175531
  233 -30.3763 16.018 0.177279
  234 -30.2936 16.359 0.181053
  235 -30.2109 16.047 0.1776
  236 -30.1283 16.152 0.178762
  237 -30.0456 15.976 0.176814
  238 -29.963 16.118 0.178386
  239 -29.8803 16.065 0.177799
  240 -29.7977 16.233 0.179659
  241 -29.715 16.193 0.179216
  242 -29.6323 16.114 0.178342
  243 -29.5497 16.184 0.179116
  244 -29.467 16.272 0.18009
  245 -29.3844 16.528 0.182924
  246 -29.3017 16.212 0.179426
  247 -29.2191 16.387 0.181363
  248 -29.1364 16.229 0.179614
  249 -29.0537 16.282 0.180201
  250 -28.9711 16.139 0.178618
  251 -28.8884 16.304 0.180445
  252 -28.8058 16.394 0.181441
  253 -28.7231 16.293 0.180323
  254 -28.6405 16.197 0.17926
  255 -28.5578 16.165 0.178906
  256 -28.4752 16.357 0.181031
  257 -28.3925 16.31 0.180511
  258 -28.3098 16.235 0.179681
  259 -28.2272 16.303 0.180433
  260 -28.1445 16.291 0.180301
  261 -28.0619 16.378 0.181264
  262 -27.9792 16.481 0.182403
  263 -27.8966 16.537 0.183023
  264 -27.8139 16.496 0.182569
  265 -27.7312 16.398 0.181485
  266 -27.6486 16.444 0.181994
  267 -27.5659 16.585 0.183554
  268 -27.4833 16.32 0.180622
  269 -27.4006 16.373 0.181208
  270 -27.318 16.475 0.182337
  271 -27.2353 16.43 0.181839
  272 -27.1526 16.343 0.180876
  273 -27.07 16.312 0.180533
  274 -26.9873 16.332 0.180754
  275 -26.9047 16.447 0.182027
  276 -26.822 16.506 0.18268
  277 -26.7394 16.416 0.181684
  278 -26.6567 16.582 0.183521
  279 -26.5741 16.53 0.182946
  280 -26.4914 16.392 0.181418
  281 -26.4087 16.468 0.18226
  282 -26.3261 16.375 0.18123
  283 -26.2434 16.524 0.182879
  284 -26.1608 16.43 0.181839
  285 -26.0781 16.228 0.179603
  286 -25.9955 16.313 0.180544
  287 -25.9128 16.3 0.1804
  288 -25.8301 16.049 0.177622
  289 -25.7475 16.311 0.180522
  290 -25.6648 16.272 0.18009
  291 -25.5822 16.389 0.181385
  292 -25.4995 16.262 0.17998
  293 -25.4169 16.446 0.182016
  294 -25.3342 16.379 0.181275
  295 -25.2516 16.342 0.180865
  296 -25.1689 16.248 0.179825
  297 -25.0862 16.21 0.179404
  298 -25.0036 16.355 0.181009
  299 -24.9209 16.372 0.181197
  300 -24.8383 16.298 0.180378
  301 -24.7556 16.176 0.179028
  302 -24.673 16.297 0.180367
  303 -24.5903 16.392 0.181418
  304 -24.5076 16.046 0.177589
  305 -24.425 16.215 0.17946
  306 -24.3423 16.293 0.180323
  307 -24.2597 16.414 0.181662
  308 -24.177 16.305 0.180456
  309 -24.0944 16.55 0.183167
  310 -24.0117 16.345 0.180898
  311 -23.929 16.447 0.182027
  312 -23.8464 16.181 0.179083
  313 -23.7637 16.181 0.179083
  314 -23.6811 16.085 0.178021
  315 -23.5984 16.189 0.179172
  316 -23.5158 16.337 0.18081
  317 -23.4331 16.373 0.181208
  318 -23.3505 16.281 0.18019
  319 -23.2678 16.423 0.181762
  320 -23.1851 16.373 0.181208
  321 -23.1025 16.524 0.182879
  322 -23.0198 16.614 0.183875
  323 -22.9372 16.41 0.181618
  324 -22.8545 16.629 0.184041
  325 -22.7719 16.49 0.182503
  326 -22.6892 16.387 0.181363
  327 -22.6065 16.657 0.184351
  328 -22.5239 16.541 0.183068
  329 -22.4412 16.664 0.184429
  330 -22.3586 16.81 0.186045
  331 -22.2759 16.47 0.182282
  332 -22.1933 16.518 0.182813
  333 -22.1106 17.067 0.188889
  334 -22.0279 16.723 0.185082
  335 -21.9453 17.028 0.188457
  336 -21.8626 16.957 0.187672
  337 -21.78 16.549 0.183156
  338 -21.6973 16.85 0.186487
  339 -21.6147 17.173 0.190062
  340 -21.532 17.113 0.189398
  341 -21.4494 16.845 0.186432
  342 -21.3667 16.772 0.185624
  343 -21.284 16.85 0.186487
  344 -21.2014 16.755 0.185436
  345 -21.1187 16.904 0.187085
  346 -21.0361 17.031 0.188491
  347 -20.9534 16.836 0.186332
  348 -20.8708 16.951 0.187605
  349 -20.7881 17.019 0.188358
  350 -20.7054 17.066 0.188878
  351 -20.6228 16.984 0.18797
  352 -20.5401 16.914 0.187196
  353 -20.4575 16.92 0.187262
  354 -20.3748 16.963 0.187738
  355 -20.2922 17.035 0.188535
  356 -20.2095 16.688 0.184694
  357 -20.1268 16.508 0.182702
  358 -20.0442 16.668 0.184473
  359 -19.9615 16.901 0.187052
  360 -19.8789 16.596 0.183676
  361 -19.7962 16.655 0.184329
  362 -19.7136 16.856 0.186554
  363 -19.6309 16.786 0.185779
  364 -19.5483 16.719 0.185038
  365 -19.4656 16.992 0.188059
  366 -19.3829 16.888 0.186908
  367 -19.3003 16.901 0.187052
  368 -19.2176 16.57 0.183388
  369 -19.135 16.847 0.186454
  370 -19.0523 16.779 0.185702
  371 -18.9697 16.89 0.18693
  372 -18.887 16.866 0.186664
  373 -18.8043 16.807 0.186011
  374 -18.7217 16.832 0.186288
  375 -18.639 17.004 0.188192
  376 -18.5564 16.917 0.187229
  377 -18.4737 16.878 0.186797
  378 -18.3911 16.924 0.187306
  379 -18.3084 16.961 0.187716
  380 -18.2258 17.04 0.18859
  381 -18.1431 16.86 0.186598
  382 -18.0604 16.938 0.187461
  383 -17.9778 16.758 0.185469
  384 -17.8951 16.94 0.187483
  385 -17.8125 16.837 0.186343
  386 -17.7298 16.968 0.187793
  387 -17.6472 17.011 0.188269
  388 -17.5645 16.86 0.186598
  389 -17.4818 17.041 0.188601
  390 -17.3992 16.807 0.186011
  391 -17.3165 16.646 0.18423
  392 -17.2339 16.884 0.186864
  393 -17.1512 16.78 0.185713
  394 -17.0686 16.579 0.183488
  395 -16.9859 17.064 0.188856
  396 -16.9032 16.583 0.183532
  397 -16.8206 16.765 0.185547
  398 -16.7379 16.862 0.18662
  399 -16.6553 16.893 0.186963
  400 -16.5726 16.884 0.186864
  401 -16.49 16.74 0.18527
  402 -16.4073 16.974 0.18786
  403 -16.3247 16.784 0.185757
  404 -16.242 16.9 0.187041
  405 -16.1593 16.817 0.186122
  406 -16.0767 16.716 0.185004
  407 -15.994 16.977 0.187893
  408 -15.9114 16.797 0.185901
  409 -15.8287 16.935 0.187428
  410 -15.7461 16.965 0.18776
  411 -15.6634 16.963 0.187738
  412 -15.5807 16.68 0.184606
  413 -15.4981 16.717 0.185015
  414 -15.4154 16.696 0.184783
  415 -15.3328 16.776 0.185668
  416 -15.2501 16.489 0.182492
  417 -15.1675 16.506 0.18268
  418 -15.0848 16.522 0.182857
  419 -15.0021 16.527 0.182913
  420 -14.9195 16.77 0.185602
  421 -14.8368 16.824 0.1862
  422 -14.7542 16.577 0.183466
  423 -14.6715 16.659 0.184373
  424 -14.5889 16.56 0.183278
  425 -14.5062 16.781 0.185724
  426 -14.4236 16.722 0.185071
  427 -14.3409 16.427 0.181806
  428 -14.2582 16.607 0.183798
  429 -14.1756 16.623 0.183975
  430 -14.0929 16.566 0.183344
  431 -14.0103 16.665 0.18444
  432 -13.9276 16.493 0.182536
  433 -13.845 16.512 0.182747
  434 -13.7623 16.715 0.184993
  435 -13.6796 16.551 0.183178
  436 -13.597 16.691 0.184728
  437 -13.5143 16.648 0.184252
  438 -13.4317 16.558 0.183256
  439 -13.349 16.679 0.184595
  440 -13.2664 16.466 0.182237
  441 -13.1837 16.452 0.182083
  442 -13.101 16.557 0.183245
  443 -13.0184 16.637 0.18413
  444 -12.9357 16.682 0.184628
  445 -12.8531 16.524 0.182879
  446 -12.7704 16.898 0.187019
  447 -12.6878 16.683 0.184639
  448 -12.6051 16.414 0.181662
  449 -12.5225 16.618 0.18392
  450 -12.4398 16.315 0.180566
  451 -12.3571 16.746 0.185336
  452 -12.2745 16.454 0.182105
  453 -12.1918 16.61 0.183831
  454 -12.1092 16.95 0.187594
  455 -12.0265 16.831 0.186277
  456 -11.9439 16.488 0.182481
  457 -11.8612 16.63 0.184053
  458 -11.7785 16.814 0.186089
  459 -11.6959 16.782 0.185735
  460 -11.6132 16.652 0.184296
  461 -11.5306 16.703 0.18486
  462 -11.4479 16.618 0.18392
  463 -11.3653 16.816 0.186111
  464 -11.2826 16.526 0.182902
  465 -11.2 16.936 0.187439
  466 -11.1173 16.664 0.184429
  467 -11.0346 16.811 0.186056
  468 -10.952 16.979 0.187915
  469 -10.8693 16.692 0.184739
  470 -10.7867 16.89 0.18693
  471 -10.704 16.659 0.184373
  472 -10.6214 16.736 0.185226
  473 -10.5387 16.862 0.18662
  474 -10.456 16.705 0.184883
  475 -10.3734 16.748 0.185358
  476 -10.2907 16.586 0.183566
  477 -10.2081 16.47 0.182282
  478 -10.1254 16.664 0.184429
  479 -10.0428 16.757 0.185458
  480 -9.9601 16.749 0.18537
  481 -9.87745 16.666 0.184451
  482 -9.79479 16.74 0.18527
  483 -9.71213 16.885 0.186875
  484 -9.62948 16.762 0.185513
  485 -9.54682 16.82 0.186155
  486 -9.46417 16.885 0.186875
  487 -9.38151 16.853 0.186521
  488 -9.29885 16.677 0.184573
  489 -9.2162 16.999 0.188136
  490 -9.13354 16.937 0.18745
  491 -9.05088 17.055 0.188756
  492 -8.96823 17.129 0.189575
  493 -8.88557 17.089 0.189133
  494 -8.80291 16.948 0.187572
  495 -8.72026 17.154 0.189852
  496 -8.6376 17.313 0.191612
  497 -8.55494 17.168 0.190007
  498 -8.47229 17.187 0.190217
  499 -8.38963 17.087 0.18911
  500 -8.30697 17.257 0.190992
  501 -8.22432 17.191 0.190261
  502 -8.14166 16.586 0.183566
  503 -8.05901 16.959 0.187694
  504 -7.97635 16.933 0.187406
  505 -7.89369 17.012 0.18828
  506 -7.81104 17.153 0.189841
  507 -7.72838 17.255 0.19097
  508 -7.64572 17.219 0.190571
  509 -7.56307 17.062 0.188834
  510 -7.48041 17.127 0.189553
  511 -7.39775 17.158 0.189896
  512 -7.3151 17.219 0.190571
  513 -7.23244 17.073 0.188955
  514 -7.14978 17.397 0.192541
  515 -7.06713 17.283 0.19128
  516 -6.98447 17.317 0.191656
  517 -6.90181 17.187 0.190217
  518 -6.81916 16.995 0.188092
  519 -6.7365 17.203 0.190394
  520 -6.65385 17.283 0.19128
  521 -6.57119 17.183 0.190173
  522 -6.48853 17.202 0.190383
  523 -6.40588 17.317 0.191656
  524 -6.32322 17.342 0.191933
  525 -6.24056 17.462 0.193261
  526 -6.15791 17.361 0.192143
  527 -6.07525 17.449 0.193117
  528 -5.99259 17.64 0.195231
  529 -5.90994 17.417 0.192763
  530 -5.82728 17.239 0.190793
  531 -5.74462 17.46 0.193239
  532 -5.66197 17.26 0.191025
  533 -5.57931 17.63 0.19512
  534 -5.49665 17.433 0.19294
  535 -5.414 17.487 0.193537
  536 -5.33134 17.357 0.192099
  537 -5.24869 17.335 0.191855
  538 -5.16603 17.405 0.19263
  539 -5.08337 17.103 0.189287
  540 -5.00072 17.624 0.195054
  541 -4.91806 17.408 0.192663
  542 -4.8354 17.527 0.19398
  543 -4.75275 17.538 0.194102
  544 -4.67009 17.556 0.194301
  545 -4.58743 17.363 0.192165
  546 -4.50478 17.494 0.193615
  547 -4.42212 17.412 0.192707
  548 -4.33946 17.436 0.192973
  549 -4.25681 17.29 0.191357
  550 -4.17415 17.411 0.192696
  551 -4.0915 17.654 0.195386
  552 -4.00884 17.712 0.196028
  553 -3.92618 17.667 0.19553
  554 -3.84353 17.627 0.195087
  555 -3.76087 17.616 0.194965
  556 -3.67821 17.655 0.195397
  557 -3.59556 17.576 0.194522
  558 -3.5129 17.552 0.194257
  559 -3.43024 17.583 0.1946
  560 -3.34759 17.512 0.193814
  561 -3.26493 17.45 0.193128
  562 -3.18227 17.613 0.194932
  563 -3.09962 17.311 0.191589
  564 -3.01696 17.722 0.196138
  565 -2.9343 17.329 0.191789
  566 -2.85165 17.789 0.19688
  567 -2.76899 17.565 0.194401
  568 -2.68634 17.386 0.19242
  569 -2.60368 17.568 0.194434
  570 -2.52102 17.81 0.197112
  571 -2.43837 17.56 0.194345
  572 -2.35571 17.415 0.192741
  573 -2.27305 17.765 0.196614
  574 -2.1904 17.593 0.194711
  575 -2.10774 17.498 0.193659
  576 -2.02508 17.895 0.198053
  577 -1.94243 17.693 0.195817
  578 -1.85977 17.79 0.196891
  579 -1.77711 18.095 0.200266
  580 -1.69446 17.907 0.198186
  581 -1.6118 17.521 0.193914
  582 -1.52914 17.755 0.196503
  583 -1.44649 17.831 0.197345
  584 -1.36383 17.583 0.1946
  585 -1.28118 17.56 0.194345
  586 -1.19852 17.613 0.194932
  587 -1.11586 17.594 0.194722
  588 -1.03321 17.399 0.192563
  589 -0.950549 17.563 0.194379
  590 -0.867893 17.764 0.196603
  591 -0.785236 17.666 0.195518
  592 -0.70258 17.592 0.194699
  593 -0.619923 17.435 0.192962
  594 -0.537267 17.635 0.195175
  595 -0.454611 17.464 0.193283
  596 -0.371954 17.254 0.190959
  597 -0.289298 17.471 0.19336
  598 -0.206641 17.573 0.194489
  599 -0.123985 17.106 0.189321
  600 -0.0413282 17.582 0.194589
  601 0.0413282 17.373 0.192276
  602 0.123985 17.586 0.194633
  603 0.206641 17.519 0.193892
  604 0.289298 17.64 0.195231
  605 0.371954 17.151 0.189819
  606 0.454611 17.259 0.191014
  607 0.537267 17.133 0.189619
  608 0.619923 17.056 0.188767
  609 0.70258 17.21 0.190472
  610 0.785236 17.041 0.188601
  611 0.867893 17.148 0.189785
  612 0.950549 16.835 0.186321
  613 1.03321 17.283 0.19128
  614 1.11586 17.076 0.188989
  615 1.19852 17.002 0.18817
  616 1.28118 16.805 0.185989
  617 1.36383 17.186 0.190206
  618 1.44649 16.976 0.187882
  619 1.52914 17.141 0.189708
  620 1.6118 17.085 0.189088
  621 1.69446 16.818 0.186133
  622 1.77711 17.036 0.188546
  623 1.85977 17.073 0.188955
  624 1.94243 17.08 0.189033
  625 2.02508 16.858 0.186576
  626 2.10774 17.017 0.188336
  627 2.1904 17.282 0.191269
  628 2.27305 17.061 0.188823
  629 2.35571 16.88 0.186819
  630 2.43837 16.794 0.185868
  631 2.52102 16.794 0.185868
  632 2.60368 16.974 0.18786
  633 2.68634 16.974 0.18786
  634 2.76899 16.965 0.18776
  635 2.85165 16.905 0.187096
  636 2.9343 16.779 0.185702
  637 3.01696 16.925 0.187317
  638 3.09962 16.675 0.184551
  639 3.18227 16.789 0.185812
  640 3.26493 16.844 0.186421
  641 3.34759 16.785 0.185768
  642 3.43024 16.909 0.18714
  643 3.5129 17.03 0.18848
  644 3.59556 16.719 0.185038
  645 3.67821 16.819 0.186144
  646 3.76087 17.109 0.189354
  647 3.84353 16.997 0.188114
  648 3.92618 16.721 0.18506
  649 4.00884 16.993 0.18807
  650 4.0915 16.751 0.185392
  651 4.17415 16.887 0.186897
  652 4.25681 16.691 0.184728
  653 4.33946 16.871 0.18672
  654 4.42212 16.857 0.186565
  655 4.50478 16.976 0.187882
  656 4.58743 16.921 0.187273
  657 4.67009 16.954 0.187638
  658 4.75275 16.985 0.187981
  659 4.8354 16.836 0.186332
  660 4.91806 16.817 0.186122
  661 5.00072 16.867 0.186676
  662 5.08337 16.842 0.186399
  663 5.16603 16.865 0.186653
  664 5.24869 16.803 0.185967
  665 5.33134 16.915 0.187207
  666 5.414 17.071 0.188933
  667 5.49665 16.8 0.185934
  668 5.57931 17.138 0.189675
  669 5.66197 16.887 0.186897
  670 5.74462 17.032 0.188502
  671 5.82728 16.878 0.186797
  672 5.90994 17.251 0.190925
  673 5.99259 17.068 0.1889
  674 6.07525 17.015 0.188314
  675 6.15791 16.998 0.188125
  676 6.24056 17.007 0.188225
  677 6.32322 16.865 0.186653
  678 6.40588 17.037 0.188557
  679 6.48853 16.981 0.187937
  680 6.57119 17.045 0.188646
  681 6.65385 16.924 0.187306
  682 6.7365 17.076 0.188989
  683 6.81916 17.151 0.189819
  684 6.90181 17.193 0.190284
  685 6.98447 17.055 0.188756
  686 7.06713 17.126 0.189542
  687 7.14978 16.872 0.186731
  688 7.23244 17.051 0.188712
  689 7.3151 16.972 0.187838
  690 7.39775 17.152 0.18983
  691 7.48041 16.957 0.187672
  692 7.56307 16.996 0.188103
  693 7.64572 16.686 0.184672
  694 7.72838 16.96 0.187705
  695 7.81104 16.913 0.187185
  696 7.89369 16.985 0.187981
  697 7.97635 16.944 0.187528
  698 8.05901 17.012 0.18828
  699 8.14166 16.897 0.187008
  700 8.22432 16.923 0.187295
  701 8.30697 16.962 0.187727
  702 8.38963 16.827 0.186233
  703 8.47229 17.113 0.189398
  704 8.55494 17.179 0.190129
  705 8.6376 16.891 0.186941
  706 8.72026 17.139 0.189686
  707 8.80291 17.04 0.18859
  708 8.88557 17.142 0.189719
  709 8.96823 16.982 0.187948
  710 9.05088 16.639 0.184152
  711 9.13354 16.87 0.186709
  712 9.2162 16.904 0.187085
  713 9.29885 16.639 0.184152
  714 9.38151 16.748 0.185358
  715 9.46417 16.769 0.185591
  716 9.54682 17.161 0.189929
  717 9.62948 16.825 0.186211
  718 9.71213 17.013 0.188291
  719 9.79479 16.951 0.187605
  720 9.87745 16.967 0.187782
  721 9.9601 16.958 0.187683
  722 10.0428 17.052 0.188723
  723 10.1254 17.16 0.189918
  724 10.2081 17.178 0.190118
  725 10.2907 16.864 0.186642
  726 10.3734 16.785 0.185768
  727 10.456 16.671 0.184506
  728 10.5387 16.968 0.187793
  729 10.6214 17.099 0.189243
  730 10.704 16.971 0.187827
  731 10.7867 16.944 0.187528
  732 10.8693 17.086 0.189099
  733 10.952 16.986 0.187993
  734 11.0346 17.185 0.190195
  735 11.1173 17.012 0.18828
  736 11.2 17.071 0.188933
  737 11.2826 16.941 0.187495
  738 11.3653 17.023 0.188402
  739 11.4479 16.625 0.183997
  740 11.5306 16.683 0.184639
  741 11.6132 16.774 0.185646
  742 11.6959 17.008 0.188236
  743 11.7785 16.883 0.186853
  744 11.8612 16.971 0.187827
  745 11.9439 16.84 0.186377
  746 12.0265 17.068 0.1889
  747 12.1092 16.87 0.186709
  748 12.1918 16.766 0.185558
  749 12.2745 16.706 0.184894
  750 12.3571 17.006 0.188214
  751 12.4398 16.678 0.184584
  752 12.5225 16.882 0.186842
  753 12.6051 16.817 0.186122
  754 12.6878 16.744 0.185314
  755 12.7704 16.621 0.183953
  756 12.8531 16.876 0.186775
  757 12.9357 16.617 0.183909
  758 13.0184 16.731 0.18517
  759 13.101 16.614 0.183875
  760 13.1837 16.583 0.183532
  761 13.2664 16.667 0.184462
  762 13.349 16.509 0.182713
  763 13.4317 16.845 0.186432
  764 13.5143 16.588 0.183588
  765 13.597 16.721 0.18506
  766 13.6796 16.713 0.184971
  767 13.7623 16.743 0.185303
  768 13.845 16.912 0.187174
  769 13.9276 16.87 0.186709
  770 14.0103 16.918 0.18724
  771 14.0929 17.052 0.188723
  772 14.1756 16.944 0.187528
  773 14.2582 17.132 0.189608
  774 14.3409 16.715 0.184993
  775 14.4236 16.822 0.186177
  776 14.5062 16.871 0.18672
  777 14.5889 16.97 0.187815
  778 14.6715 16.9 0.187041
  779 14.7542 16.89 0.18693
  780 14.8368 16.848 0.186465
  781 14.9195 16.924 0.187306
  782 15.0021 16.916 0.187218
  783 15.0848 16.749 0.18537
  784 15.1675 16.882 0.186842
  785 15.2501 16.997 0.188114
  786 15.3328 16.966 0.187771
  787 15.4154 17.18 0.19014
  788 15.4981 16.983 0.187959
  789 15.5807 17.133 0.189619
  790 15.6634 17.067 0.188889
  791 15.7461 17.134 0.189631
  792 15.8287 17.129 0.189575
  793 15.9114 17.281 0.191257
  794 15.994 17.056 0.188767
  795 16.0767 16.868 0.186687
  796 16.1593 17.338 0.191888
  797 16.242 17.168 0.190007
  798 16.3247 17.349 0.19201
  799 16.4073 17.096 0.18921
  800 16.49 17.276 0.191202
  801 16.5726 17.286 0.191313
  802 16.6553 17.28 0.191246
  803 16.7379 17.607 0.194865
  804 16.8206 17.473 0.193382
  805 16.9032 17.569 0.194445
  806 16.9859 17.232 0.190715
  807 17.0686 17.279 0.191235
  808 17.1512 17.435 0.192962
  809 17.2339 17.229 0.190682
  810 17.3165 17.453 0.193161
  811 17.3992 17.35 0.192021
  812 17.4818 17.508 0.19377
  813 17.5645 17.713 0.196039
  814 17.6472 17.358 0.19211
  815 17.7298 17.405 0.19263
  816 17.8125 17.42 0.192796
  817 17.8951 17.669 0.195552
  818 17.9778 17.652 0.195364
  819 18.0604 17.535 0.194069
  820 18.1431 17.658 0.19543
  821 18.2258 17.239 0.190793
  822 18.3084 17.405 0.19263
  823 18.3911 17.479 0.193449
  824 18.4737 17.274 0.19118
  825 18.5564 17.548 0.194212
  826 18.639 17.4 0.192574
  827 18.7217 17.521 0.193914
  828 18.8043 17.694 0.195828
  829 18.887 17.255 0.19097
  830 18.9697 17.291 0.191368
  831 19.0523 17.166 0.189985
  832 19.135 17.656 0.195408
  833 19.2176 17.573 0.194489
  834 19.3003 17.233 0.190726
  835 19.3829 17.58 0.194567
  836 19.4656 17.069 0.188911
  837 19.5483 17.345 0.191966
  838 19.6309 17.322 0.191711
  839 19.7136 17.009 0.188247
  840 19.7962 17.23 0.190693
  841 19.8789 17.44 0.193017
  842 19.9615 17.22 0.190582
  843 20.0442 17.478 0.193438
  844 20.1268 17.254 0.190959
  845 20.2095 17.516 0.193858
  846 20.2922 17.176 0.190095
  847 20.3748 17.168 0.190007
  848 20.4575 16.945 0.187539
  849 20.5401 17.168 0.190007
  850 20.6228 17.249 0.190903
  851 20.7054 17.048 0.188679
  852 20.7881 17.107 0.189332
  853 20.8708 17.088 0.189121
  854 20.9534 16.916 0.187218
  855 21.0361 17.111 0.189376
  856 21.1187 17.156 0.189874
  857 21.2014 16.979 0.187915
  858 21.284 17.029 0.188468
  859 21.3667 17.055 0.188756
  860 21.4494 17.242 0.190826
  861 21.532 17.083 0.189066
  862 21.6147 17.08 0.189033
  863 21.6973 17.489 0.19356
  864 21.78 17.34 0.19191
  865 21.8626 17.216 0.190538
  866 21.9453 17.265 0.19108
  867 22.0279 16.884 0.186864
  868 22.1106 16.973 0.187849
  869 22.1933 17.147 0.189774
  870 22.2759 17.01 0.188258
  871 22.3586 16.964 0.187749
  872 22.4412 17.159 0.189907
  873 22.5239 17.446 0.193084
  874 22.6065 17.382 0.192375
  875 22.6892 17.133 0.189619
  876 22.7719 16.812 0.186067
  877 22.8545 17.047 0.188668
  878 22.9372 17.037 0.188557
  879 23.0198 16.944 0.187528
  880 23.1025 17.057 0.188778
  881 23.1851 16.989 0.188026
  882 23.2678 17.204 0.190405
  883 23.3505 17.108 0.189343
  884 23.4331 17.019 0.188358
  885 23.5158 16.849 0.186476
  886 23.5984 17.028 0.188457
  887 23.6811 16.979 0.187915
  888 23.7637 16.984 0.18797
  889 23.8464 16.885 0.186875
  890 23.929 16.871 0.18672
  891 24.0117 16.996 0.188103
  892 24.0944 17.055 0.188756
  893 24.177 16.966 0.187771
  894 24.2597 17.077 0.189
  895 24.3423 16.948 0.187572
  896 24.425 17.052 0.188723
  897 24.5076 16.871 0.18672
  898 24.5903 16.838 0.186355
  899 24.673 16.77 0.185602
  900 24.7556 16.606 0.183787
  901 24.8383 16.865 0.186653
  902 24.9209 17.027 0.188446
  903 25.0036 16.765 0.185547
  904 25.0862 16.812 0.186067
  905 25.1689 16.809 0.186034
  906 25.2516 16.83 0.186266
  907 25.3342 16.899 0.18703
  908 25.4169 16.861 0.186609
  909 25.4995 16.916 0.187218
  910 25.5822 16.613 0.183864
  911 25.6648 16.702 0.184849
  912 25.7475 16.75 0.185381
  913 25.8301 16.774 0.185646
  914 25.9128 16.523 0.182868
  915 25.9955 16.555 0.183222
  916 26.0781 16.81 0.186045
  917 26.1608 16.695 0.184772
  918 26.2434 16.62 0.183942
  919 26.3261 16.562 0.1833
  920 26.4087 16.433 0.181872
  921 26.4914 16.505 0.182669
  922 26.5741 16.688 0.184694
  923 26.6567 16.392 0.181418
  924 26.7394 16.606 0.183787
  925 26.822 16.426 0.181795
  926 26.9047 16.562 0.1833
  927 26.9873 16.648 0.184252
  928 27.07 16.668 0.184473
  929 27.1526 16.498 0.182592
  930 27.2353 16.3 0.1804
  931 27.318 16.524 0.182879
  932 27.4006 16.372 0.181197
  933 27.4833 16.462 0.182193
  934 27.5659 16.697 0.184794
  935 27.6486 16.64 0.184163
  936 27.7312 16.123 0.178441
  937 27.8139 16.257 0.179924
  938 27.8966 16.569 0.183377
  939 27.9792 16.563 0.183311
  940 28.0619 16.554 0.183211
  941 28.1445 16.484 0.182437
  942 28.2272 16.669 0.184484
  943 28.3098 16.568 0.183366
  944 28.3925 16.529 0.182935
  945 28.4752 16.653 0.184307
  946 28.5578 16.385 0.181341
  947 28.6405 16.576 0.183455
  948 28.7231 16.545 0.183112
  949 28.8058 16.466 0.182237
  950 28.8884 16.601 0.183732
  951 28.9711 16.639 0.184152
  952 29.0537 16.763 0.185525
  953 29.1364 16.592 0.183632
  954 29.2191 16.675 0.184551
  955 29.3017 16.664 0.184429
  956 29.3844 16.553 0.1832
  957 29.467 16.531 0.182957
  958 29.5497 16.557 0.183245
  959 29.6323 16.702 0.184849
  960 29.715 16.478 0.18237
  961 29.7977 16.444 0.181994
  962 29.8803 16.777 0.185679
  963 29.963 16.507 0.182691
  964 30.0456 16.684 0.18465
  965 30.1283 16.648 0.184252
  966 30.2109 16.628 0.18403
  967 30.2936 16.717 0.185015
  968 30.3763 16.531 0.182957
  969 30.4589 16.784 0.185757
  970 30.5416 16.686 0.184672
  971 30.6242 16.761 0.185502
  972 30.7069 16.479 0.182381
  973 30.7895 16.772 0.185624
  974 30.8722 16.713 0.184971
  975 30.9548 16.795 0.185879
  976 31.0375 16.628 0.18403
  977 31.1202 16.796 0.18589
  978 31.2028 16.579 0.183488
  979 31.2855 16.91 0.187151
  980 31.3681 17.025 0.188424
  981 31.4508 16.658 0.184362
  982 31.5334 16.622 0.183964
  983 31.6161 16.866 0.186664
  984 31.6988 16.715 0.184993
  985 31.7814 16.711 0.184949
  986 31.8641 16.628 0.18403
  987 31.9467 16.762 0.185513
  988 32.0294 17.057 0.188778
  989 32.112 16.791 0.185834
  990 32.1947 16.798 0.185912
  991 32.2773 16.657 0.184351
  992 32.36 16.897 0.187008
  993 32.4427 16.932 0.187395
  994 32.5253 16.801 0.185945
  995 32.608 16.795 0.185879
  996 32.6906 16.573 0.183422
  997 32.7733 16.925 0.187317
  998 32.8559 16.84 0.186377
  999 32.9386 16.663 0.184418
  1000 33.0213 16.916 0.187218
  1001 33.1039 16.871 0.18672
  1002 33.1866 16.569 0.183377
  1003 33.2692 16.574 0.183433
  1004 33.3519 16.774 0.185646
  1005 33.4345 16.735 0.185215
  1006 33.5172 16.582 0.183521
  1007 33.5999 16.938 0.187461
  1008 33.6825 16.75 0.185381
  1009 33.7652 16.674 0.184539
  1010 33.8478 17.012 0.18828
  1011 33.9305 16.793 0.185857
  1012 34.0131 16.72 0.185049
  1013 34.0958 16.741 0.185281
  1014 34.1784 16.919 0.187251
  1015 34.2611 16.749 0.18537
  1016 34.3438 17.04 0.18859
  1017 34.4264 16.905 0.187096
  1018 34.5091 16.982 0.187948
  1019 34.5917 16.769 0.185591
  1020 34.6744 16.932 0.187395
  1021 34.757 16.699 0.184816
  1022 34.8397 16.829 0.186255
  1023 34.9224 17.091 0.189155
  1024 35.005 16.957 0.187672
  1025 35.0877 16.811 0.186056
  1026 35.1703 16.696 0.184783
  1027 35.253 16.97 0.187815
  1028 35.3356 16.74 0.18527
  1029 35.4183 17.052 0.188723
  1030 35.501 16.898 0.187019
  1031 35.5836 16.8 0.185934
  1032 35.6663 17.124 0.18952
  1033 35.7489 16.769 0.185591
  1034 35.8316 17.006 0.188214
  1035 35.9142 16.494 0.182547
  1036 35.9969 16.92 0.187262
  1037 36.0795 16.545 0.183112
  1038 36.1622 16.74 0.18527
  1039 36.2449 16.608 0.183809
  1040 36.3275 16.871 0.18672
  1041 36.4102 16.734 0.185204
  1042 36.4928 16.643 0.184196
  1043 36.5755 16.738 0.185248
  1044 36.6581 16.807 0.186011
  1045 36.7408 16.638 0.184141
  1046 36.8235 16.552 0.183189
  1047 36.9061 16.641 0.184174
  1048 36.9888 16.753 0.185414
  1049 37.0714 16.506 0.18268
  1050 37.1541 16.721 0.18506
  1051 37.2367 16.613 0.183864
  1052 37.3194 16.669 0.184484
  1053 37.4021 16.446 0.182016
  1054 37.4847 16.566 0.183344
  1055 37.5674 16.543 0.18309
  1056 37.65 16.437 0.181916
  1057 37.7327 16.286 0.180245
  1058 37.8153 16.552 0.183189
  1059 37.898 16.386 0.181352
  1060 37.9806 16.505 0.182669
  1061 38.0633 16.485 0.182448
  1062 38.146 16.886 0.186886
  1063 38.2286 16.598 0.183698
  1064 38.3113 16.532 0.182968
  1065 38.3939 16.638 0.184141
  1066 38.4766 16.304 0.180445
  1067 38.5592 16.619 0.183931
  1068 38.6419 16.55 0.183167
  1069 38.7246 16.422 0.18175
  1070 38.8072 16.602 0.183743
  1071 38.8899 16.598 0.183698
  1072 38.9725 16.563 0.183311
  1073 39.0552 16.737 0.185237
  1074 39.1378 16.596 0.183676
  1075 39.2205 16.664 0.184429
  1076 39.3031 16.682 0.184628
  1077 39.3858 16.581 0.18351
  1078 39.4685 16.411 0.181629
  1079 39.5511 16.541 0.183068
  1080 39.6338 16.494 0.182547
  1081 39.7164 16.589 0.183599
  1082 39.7991 16.419 0.181717
  1083 39.8817 16.499 0.182603
  1084 39.9644 16.626 0.184008
  1085 40.0471 16.529 0.182935
  1086 40.1297 16.548 0.183145
  1087 40.2124 16.42 0.181728
  1088 40.295 16.413 0.181651
  1089 40.3777 16.664 0.184429
  1090 40.4603 16.541 0.183068
  1091 40.543 16.381 0.181297
  1092 40.6257 16.375 0.18123
  1093 40.7083 16.59 0.18361
  1094 40.791 16.326 0.180688
  1095 40.8736 16.308 0.180489
  1096 40.9563 16.149 0.178729
  1097 41.0389 16.351 0.180965
  1098 41.1216 16.205 0.179349
  1099 41.2042 16.245 0.179792
  1100 41.2869 16.174 0.179006
  1101 41.3696 16.162 0.178873
  1102 41.4522 16.156 0.178807
  1103 41.5349 16.085 0.178021
  1104 41.6175 16.161 0.178862
  1105 41.7002 16.211 0.179415
  1106 41.7828 15.819 0.175077
  1107 41.8655 15.758 0.174402
  1108 41.9482 15.757 0.174391
  1109 42.0308 15.835 0.175254
  1110 42.1135 15.994 0.177014
  1111 42.1961 15.911 0.176095
  1112 42.2788 15.925 0.17625
  1113 42.3614 15.947 0.176493
  1114 42.4441 15.948 0.176504
  1115 42.5268 15.905 0.176029
  1116 42.6094 15.848 0.175398
  1117 42.6921 15.885 0.175807
  1118 42.7747 15.894 0.175907
  1119 42.8574 15.905 0.176029
  1120 42.94 15.912 0.176106
  1121 43.0227 15.959 0.176626
  1122 43.1053 15.63 0.172985
  1123 43.188 15.974 0.176792
  1124 43.2707 15.911 0.176095
  1125 43.3533 16.053 0.177667
  1126 43.436 15.537 0.171956
  1127 43.5186 15.856 0.175486
  1128 43.6013 15.771 0.174546
  1129 43.6839 15.599 0.172642
  1130 43.7666 15.909 0.176073
  1131 43.8493 15.942 0.176438
  1132 43.9319 15.98 0.176859
  1133 44.0146 15.863 0.175564
  1134 44.0972 15.841 0.17532
  1135 44.1799 15.899 0.175962
  1136 44.2625 15.971 0.176759
  1137 44.3452 15.995 0.177025
  1138 44.4279 15.726 0.174048
  1139 44.5105 15.827 0.175165
  1140 44.5932 16.045 0.177578
  1141 44.6758 16.003 0.177113
  1142 44.7585 15.949 0.176516
  1143 44.8411 16.286 0.180245
  1144 44.9238 16.08 0.177965
  1145 45.0064 15.735 0.174147
  1146 45.0891 16.058 0.177722
  1147 45.1718 15.945 0.176471
  1148 45.2544 16.275 0.180124
  1149 45.3371 16.056 0.1777
  1150 45.4197 15.896 0.175929
  1151 45.5024 15.968 0.176726
  1152 45.585 16.209 0.179393
  1153 45.6677 16.282 0.180201
  1154 45.7504 16.256 0.179913
  1155 45.833 16.071 0.177866
  1156 45.9157 16.114 0.178342
  1157 45.9983 16.286 0.180245
  1158 46.081 16.199 0.179282
  1159 46.1636 16.552 0.183189
  1160 46.2463 16.23 0.179626
  1161 46.3289 16.145 0.178685
  1162 46.4116 16.264 0.180002
  1163 46.4943 16.016 0.177257
  1164 46.5769 16.041 0.177534
  1165 46.6596 16.195 0.179238
  1166 46.7422 16.237 0.179703
  1167 46.8249 16.176 0.179028
  1168 46.9075 16.24 0.179736
  1169 46.9902 16.146 0.178696
  1170 47.0729 16.184 0.179116
  1171 47.1555 16.226 0.179581
  1172 47.2382 16.412 0.18164
  1173 47.3208 16.307 0.180478
  1174 47.4035 16.448 0.182038
  1175 47.4861 16.29 0.18029
  1176 47.5688 16.295 0.180345
  1177 47.6515 16.529 0.182935
  1178 47.7341 16.534 0.18299
  1179 47.8168 16.333 0.180765
  1180 47.8994 16.376 0.181241
  1181 47.9821 16.38 0.181286
  1182 48.0647 16.337 0.18081
  1183 48.1474 16.218 0.179493
  1184 48.23 16.584 0.183543
  1185 48.3127 16.381 0.181297
  1186 48.3954 16.507 0.182691
  1187 48.478 16.488 0.182481
  1188 48.5607 16.33 0.180732
  1189 48.6433 16.298 0.180378
  1190 48.726 16.403 0.18154
  1191 48.8086 16.593 0.183643
  1192 48.8913 16.566 0.183344
  1193 48.974 16.56 0.183278
  1194 49.0566 16.462 0.182193
  1195 49.1393 16.271 0.180079
  1196 49.2219 16.449 0.182049
  1197 49.3046 16.236 0.179692
  1198 49.3872 16.226 0.179581
  1199 49.4699 16.221 0.179526
  1200 49.5526 16.299 0.180389
4000000 1200 20000
  1 -49.5526 16.686 0.184672
  2 -49.4699 16.688 0.184694
  3 -49.3872 16.617 0.183909
  4 -49.3046 16.625 0.183997
  5 -49.2219 16.416 0.181684
  6 -49.1393 16.617 0.183909
  7 -49.0566 16.719 0.185038
  8 -48.974 16.813 0.186078
  9 -48.8913 16.503 0.182647
  10 -48.8086 16.689 0.184706
  11 -48.726 16.815 0.1861
  12 -48.6433 16.774 0.185646
  13 -48.5607 16.79 0.185823
  14 -48.478 16.748 0.185358
  15 -48.3954 16.795 0.185879
  16 -48.3127 16.596 0.183676
  17 -48.23 16.853 0.186521
  18 -48.1474 17.048 0.188679
  19 -48.0647 16.868 0.186687
  20 -47.9821 16.794 0.185868
  21 -47.8994 16.851 0.186498
  22 -47.8168 16.753 0.185414
  23 -47.7341 16.85 0.186487
  24 -47.6515 16.597 0.183687
  25 -47.5688 16.613 0.183864
  26 -47.4861 16.507 0.182691
  27 -47.4035 16.627 0.184019
  28 -47.3208 16.821 0.186166
  29 -47.2382 16.852 0.18651
  30 -47.1555 16.784 0.185757
  31 -47.0729 16.827 0.186233
  32 -46.9902 16.972 0.187838
  33 -46.9075 17.105 0.18931
  34 -46.8249 16.723 0.185082
  35 -46.7422 16.617 0.183909
  36 -46.6596 16.83 0.186266
  37 -46.5769 16.588 0.183588
  38 -46.4943 16.623 0.183975
  39 -46.4116 16.641 0.184174
  40 -46.3289 16.752 0.185403
  41 -46.2463 16.81 0.186045
  42 -46.1636 16.638 0.184141
  43 -46.081 16.698 0.184805
  44 -45.9983 16.691 0.184728
  45 -45.9157 16.783 0.185746
  46 -45.833 16.6 0.18372
  47 -45.7504 16.588 0.183588
  48 -45.6677 16.605 0.183776
  49 -45.585 16.431 0.18185
  50 -45.5024 16.466 0.182237
  51 -45.4197 16.408 0.181596
  52 -45.3371 16.418 0.181706
  53 -45.2544 16.477 0.182359
  54 -45.1718 16.306 0.180467
  55 -45.0891 16.298 0.180378
  56 -45.0064 16.441 0.181961
  57 -44.9238 16.515 0.18278
  58 -44.8411 16.419 0.181717
  59 -44.7585 16.65 0.184274
  60 -44.6758 16.705 0.184883
  61 -44.5932 16.577 0.183466
  62 -44.5105 16.316 0.180577
  63 -44.4279 16.121 0.178419
  64 -44.3452 16.547 0.183134
  65 -44.2625 16.248 0.179825
  66 -44.1799 16.118 0.178386
  67 -44.0972 15.97 0.176748
  68 -44.0146 16.325 0.180677
  69 -43.9319 16.288 0.180267
  70 -43.8493 16.253 0.17988
  71 -43.7666 16.146 0.178696
  72 -43.6839 16.164 0.178895
  73 -43.6013 16.201 0.179305
  74 -43.5186 16.216 0.179471
  75 -43.436 16.044 0.177567
  76 -43.3533 16.294 0.180334
  77 -43.2707 16.161 0.178862
  78 -43.188 15.768 0.174512
  79 -43.1053 16.02 0.177301
  80 -43.0227 16.084 0.17801
  81 -42.94 16.215 0.17946
  82 -42.8574 15.951 0.176538
  83 -42.7747 15.835 0.175254
  84 -42.6921 15.974 0.176792
  85 -42.6094 15.961 0.176648
  86 -42.5268 15.907 0.176051
  87 -42.4441 16.018 0.177279
  88 -42.3614 16.049 0.177622
  89 -42.2788 15.954 0.176571
  90 -42.1961 15.925 0.17625
  91 -42.1135 16.266 0.180024
  92 -42.0308 16.032 0.177434
  93 -41.9482 16.27 0.180068
  94 -41.8655 16.114 0.178342
  95 -41.7828 16.3 0.1804
  96 -41.7002 16.175 0.179017
  97 -41.6175 16.046 0.177589
  98 -41.5349 16.078 0.177943
  99 -41.4522 16.055 0.177689
  100 -41.3696 16.351 0.180965
  101 -41.2869 16.036 0.177478
  102 -41.2042 16.21 0.179404
  103 -41.1216 16.165 0.178906
  104 -41.0389 16.259 0.179946
  105 -40.9563 16.118 0.178386
  106 -40.8736 16.135 0.178574
  107 -40.791 16.121 0.178419
  108 -40.7083 16.375 0.18123
  109 -40.6257 16.308 0.180489
  110 -40.543 16.271 0.180079
  111 -40.4603 16.268 0.180046
  112 -40.3777 16.233 0.179659
  113 -40.295 16.116 0.178364
  114 -40.2124 16.285 0.180234
  115 -40.1297 16.298 0.180378
  116 -40.0471 16.193 0.179216
  117 -39.9644 16.386 0.181352
  118 -39.8817 16.391 0.181407
  119 -39.7991 16.225 0.17957
  120 -39.7164 16.535 0.183001
  121 -39.6338 16.203 0.179327
  122 -39.5511 16.433 0.181872
  123 -39.4685 16.43 0.181839
  124 -39.3858 16.504 0.182658
  125 -39.3031 16.27 0.180068
  126 -39.2205 16.452 0.182083
  127 -39.1378 16.149 0.178729
  128 -39.0552 16.488 0.182481
  129 -38.9725 16.473 0.182315
  130 -38.8899 16.337 0.18081
  131 -38.8072 16.252 0.179869
  132 -38.7246 16.324 0.180666
  133 -38.6419 16.556 0.183234
  134 -38.5592 16.43 0.181839
  135 -38.4766 16.651 0.184285
  136 -38.3939 16.673 0.184528
  137 -38.3113 16.616 0.183898
  138 -38.2286 16.537 0.183023
  139 -38.146 16.551 0.183178
  140 -38.0633 16.471 0.182293
  141 -37.9806 16.481 0.182403
  142 -37.898 16.754 0.185425
  143 -37.8153 16.426 0.181795
  144 -37.7327 16.593 0.183643
  145 -37.65 16.511 0.182735
  146 -37.5674 16.29 0.18029
  147 -37.4847 16.523 0.182868
  148 -37.4021 16.472 0.182304
  149 -37.3194 16.314 0.180555
  150 -37.2367 16.344 0.180887
  151 -37.1541 16.447 0.182027
  152 -37.0714 16.459 0.18216
  153 -36.9888 16.398 0.181485
  154 -36.9061 16.165 0.178906
  155 -36.8235 16.193 0.179216
  156 -36.7408 16.402 0.181529
  157 -36.6581 16.252 0.179869
  158 -36.5755 16.098 0.178165
  159 -36.4928 16.349 0.180943
  160 -36.4102 16.099 0.178176
  161 -36.3275 16.249 0.179836
  162 -36.2449 16.099 0.178176
  163 -36.1622 16.049 0.177622
  164 -36.0795 16.373 0.181208
  165 -35.9969 16.297 0.180367
  166 -35.9142 16.028 0.17739
  167 -35.8316 16.325 0.180677
  168 -35.7489 16.191 0.179194
  169 -35.6663 16.273 0.180101
  170 -35.5836 16.37 0.181175
  171 -35.501 16.196 0.179249
  172 -35.4183 16.392 0.181418
  173 -35.3356 16.267 0.180035
  174 -35.253 16.488 0.182481
  175 -35.1703 16.339 0.180832
  176 -35.0877 16.494 0.182547
  177 -35.005 16.472 0.182304
  178 -34.9224 16.182 0.179094
  179 -34.8397 16.382 0.181308
  180 -34.757 16.358 0.181042
  181 -34.6744 15.994 0.177014
  182 -34.5917 16.298 0.180378
  183 -34.5091 16.277 0.180146
  184 -34.4264 16.206 0.17936
  185 -34.3438 16.095 0.178131
  186 -34.2611 16.293 0.180323
  187 -34.1784 16.2 0.179293
  188 -34.0958 16.244 0.17978
  189 -34.0131 16.204 0.179338
  190 -33.9305 16.153 0.178773
  191 -33.8478 16.274 0.180112
  192 -33.7652 16.135 0.178574
  193 -33.6825 16.361 0.181075
  194 -33.5999 16.538 0.183034
  195 -33.5172 16.556 0.183234
  196 -33.4345 16.349 0.180943
  197 -33.3519 16.257 0.179924
  198 -33.2692 16.382 0.181308
  199 -33.1866 16.447 0.182027
  200 -33.1039 16.314 0.180555
  201 -33.0213 16.491 0.182514
  202 -32.9386 16.531 0.182957
  203 -32.8559 16.437 0.181916
  204 -32.7733 16.45 0.18206
  205 -32.6906 16.176 0.179028
  206 -32.608 16.278 0.180157
  207 -32.5253 16.72 0.185049
  208 -32.4427 16.329 0.180721
  209 -32.36 16.795 0.185879
  210 -32.2773 16.302 0.180422
  211 -32.1947 16.687 0.184683
  212 -32.112 16.488 0.182481
  213 -32.0294 16.653 0.184307
  214 -31.9467 16.697 0.184794
  215 -31.8641 16.765 0.185547
  216 -31.7814 16.667 0.184462
  217 -31.6988 16.433 0.181872
  218 -31.6161 16.651 0.184285
  219 -31.5334 16.849 0.186476
  220 -31.4508 16.663 0.184418
  221 -31.3681 16.695 0.184772
  222 -31.2855 16.561 0.183289
  223 -31.2028 16.821 0.186166
  224 -31.1202 16.7 0.184827
  225 -31.0375 16.717 0.185015
  226 -30.9548 16.608 0.183809
  227 -30.8722 16.651 0.184285
  228 -30.7895 16.452 0.182083
  229 -30.7069 16.49 0.182503
  230 -30.6242 16.591 0.183621
  231 -30.5416 16.592 0.183632
  232 -30.4589 16.92 0.187262
  233 -30.3763 16.715 0.184993
  234 -30.2936 16.704 0.184872
  235 -30.2109 16.741 0.185281
  236 -30.1283 16.843 0.18641
  237 -30.0456 16.743 0.185303
  238 -29.963 16.804 0.185978
  239 -29.8803 16.687 0.184683
  240 -29.7977 16.788 0.185801
  241 -29.715 16.371 0.181186
  242 -29.6323 16.871 0.18672
  243 -29.5497 16.408 0.181596
  244 -29.467 16.711 0.184949
  245 -29.3844 16.412 0.18164
  246 -29.3017 16.641 0.184174
  247 -29.2191 16.645 0.184219
  248 -29.1364 17.036 0.188546
  249 -29.0537 16.955 0.187649
  250 -28.9711 16.703 0.18486
  251 -28.8884 16.762 0.185513
  252 -28.8058 16.745 0.185325
  253 -28.7231 16.945 0.187539
  254 -28.6405 16.863 0.186631
  255 -28.5578 16.499 0.182603
  256 -28.4752 16.645 0.184219
  257 -28.3925 16.46 0.182171
  258 -28.3098 16.575 0.183444
  259 -28.2272 16.495 0.182558
  260 -28.1445 16.477 0.182359
  261 -28.0619 16.41 0.181618
  262 -27.9792 16.543 0.18309
  263 -27.8966 16.668 0.184473
  264 -27.8139 16.744 0.185314
  265 -27.7312 16.563 0.183311
  266 -27.6486 16.581 0.18351
  267 -27.5659 16.685 0.184661
  268 -27.4833 16.808 0.186023
  269 -27.4006 16.56 0.183278
  270 -27.318 16.687 0.184683
  271 -27.2353 16.738 0.185248
  272 -27.1526 16.644 0.184207
  273 -27.07 16.381 0.181297
  274 -26.9873 16.722 0.185071
  275 -26.9047 16.686 0.184672
  276 -26.822 16.551 0.183178
  277 -26.7394 16.757 0.185458
  278 -26.6567 16.731 0.18517
  279 -26.5741 16.472 0.182304
  280 -26.4914 16.561 0.183289
  281 -26.4087 16.78 0.185713
  282 -26.3261 16.828 0.186244
  283 -26.2434 16.851 0.186498
  284 -26.1608 16.765 0.185547
  285 -26.0781 16.873 0.186742
  286 -25.9955 16.44 0.18195
  287 -25.9128 17.003 0.188181
  288 -25.8301 16.759 0.18548
  289 -25.7475 16.454 0.182105
  290 -25.6648 16.854 0.186532
  291 -25.5822 16.572 0.183411
  292 -25.4995 16.679 0.184595
  293 -25.4169 16.564 0.183322
  294 -25.3342 16.748 0.185358
  295 -25.2516 16.95 0.187594
  296 -25.1689 16.525 0.18289
  297 -25.0862 16.745 0.185325
  298 -25.0036 16.754 0.185425
  299 -24.9209 16.496 0.182569
  300 -24.8383 16.807 0.186011
  301 -24.7556 16.635 0.184108
  302 -24.673 16.68 0.184606
  303 -24.5903 16.412 0.18164
  304 -24.5076 16.53 0.182946
  305 -24.425 16.425 0.181784
  306 -24.3423 16.506 0.18268
  307 -24.2597 16.749 0.18537
  308 -24.177 16.387 0.181363
  309 -24.0944 16.624 0.183986
  310 -24.0117 16.766 0.185558
  311 -23.929 16.663 0.184418
  312 -23.8464 16.755 0.185436
  313 -23.7637 16.699 0.184816
  314 -23.6811 16.641 0.184174
  315 -23.5984 16.585 0.183554
  316 -23.5158 16.744 0.185314
  317 -23.4331 16.675 0.184551
  318 -23.3505 16.557 0.183245
  319 -23.2678 16.731 0.18517
  320 -23.1851 16.587 0.183577
  321 -23.1025 16.886 0.186886
  322 -23.0198 16.627 0.184019
  323 -22.9372 16.797 0.185901
  324 -22.8545 16.775 0.185657
  325 -22.7719 16.909 0.18714
  326 -22.6892 16.87 0.186709
  327 -22.6065 16.502 0.182636
  328 -22.5239 16.699 0.184816
  329 -22.4412 16.731 0.18517
  330 -22.3586 16.772 0.185624
  331 -22.2759 16.757 0.185458
  332 -22.1933 16.893 0.186963
  333 -22.1106 16.787 0.18579
  334 -22.0279 16.94 0.187483
  335 -21.9453 17.111 0.189376
  336 -21.8626 17.084 0.189077
  337 -21.78 17.05 0.188701
  338 -21.6973 17.119 0.189465
  339 -21.6147 17.002 0.18817
  340 -21.532 16.992 0.188059
  341 -21.4494 16.917 0.187229
  342 -21.3667 16.933 0.187406
  343 -21.284 17.004 0.188192
  344 -21.2014 16.879 0.186808
  345 -21.1187 16.753 0.185414
  346 -21.0361 16.868 0.186687
  347 -20.9534 17.047 0.188668
  348 -20.8708 16.904 0.187085
  349 -20.7881 17.048 0.188679
  350 -20.7054 16.936 0.187439
  351 -20.6228 17.121 0.189487
  352 -20.5401 17.067 0.188889
  353 -20.4575 16.965 0.18776
  354 -20.3748 17.065 0.188867
  355 -20.2922 17.225 0.190638
  356 -20.2095 16.812 0.186067
  357 -20.1268 17.171 0.19004
  358 -20.0442 17.045 0.188646
  359 -19.9615 16.989 0.188026
  360 -19.8789 17.16 0.189918
  361 -19.7962 17.114 0.189409
  362 -19.7136 17.086 0.189099
  363 -19.6309 16.941 0.187495
  364 -19.5483 17.378 0.192331
  365 -19.4656 17.155 0.189863
  366 -19.3829 17.139 0.189686
  367 -19.3003 17.238 0.190782
  368 -19.2176 17.026 0.188435
  369 -19.135 17.167 0.189996
  370 -19.0523 17.345 0.191966
  371 -18.9697 16.989 0.188026
  372 -18.887 17.195 0.190306
  373 -18.8043 17.257 0.190992
  374 -18.7217 16.927 0.18734
  375 -18.639 17.356 0.192088
  376 -18.5564 17.29 0.191357
  377 -18.4737 17.332 0.191822
  378 -18.3911 17.325 0.191744
  379 -18.3084 17.093 0.189177
  380 -18.2258 17.186 0.190206
  381 -18.1431 17.38 0.192353
  382 -18.0604 17.426 0.192862
  383 -17.9778 17.284 0.191291
  384 -17.8951 17.389 0.192453
  385 -17.8125 17.241 0.190815
  386 -17.7298 17.27 0.191136
  387 -17.6472 17.247 0.190881
  388 -17.5645 17.457 0.193205
  389 -17.4818 17.34 0.19191
  390 -17.3992 17.169 0.190018
  391 -17.3165 17.33 0.1918
  392 -17.2339 17.327 0.191767
  393 -17.1512 17.167 0.189996
  394 -17.0686 17.358 0.19211
  395 -16.9859 17.572 0.194478
  396 -16.9032 17.563 0.194379
  397 -16.8206 17.625 0.195065
  398 -16.7379 17.575 0.194511
  399 -16.6553 17.493 0.193604
  400 -16.5726 17.373 0.192276
  401 -16.49 17.459 0.193227
  402 -16.4073 17.305 0.191523
  403 -16.3247 17.513 0.193825
  404 -16.242 17.255 0.19097
  405 -16.1593 17.371 0.192254
  406 -16.0767 17.352 0.192043
  407 -15.994 17.329 0.191789
  408 -15.9114 17.443 0.19305
  409 -15.8287 17.35 0.192021
  410 -15.7461 17.35 0.192021
  411 -15.6634 17.292 0.191379
  412 -15.5807 17.089 0.189133
  413 -15.4981 16.854 0.186532
  414 -15.4154 17.514 0.193836
  415 -15.3328 17.204 0.190405
  416 -15.2501 17.354 0.192065
  417 -15.1675 17.259 0.191014
  418 -15.0848 17.302 0.19149
  419 -15.0021 17.167 0.189996
  420 -14.9195 17.242 0.190826
  421 -14.8368 17.378 0.192331
  422 -14.7542 17.18 0.19014
  423 -14.6715 17.328 0.191778
  424 -14.5889 17.342 0.191933
  425 -14.5062 17.154 0.189852
  426 -14.4236 17.134 0.189631
  427 -14.3409 17.203 0.190394
  428 -14.2582 17.193 0.190284
  429 -14.1756 17.139 0.189686
  430 -14.0929 16.995 0.188092
  431 -14.0103 17.043 0.188623
  432 -13.9276 16.905 0.187096
  433 -13.845 17.088 0.189121
  434 -13.7623 17.314 0.191623
  435 -13.6796 17.025 0.188424
  436 -13.597 16.862 0.18662
  437 -13.5143 16.841 0.186388
  438 -13.4317 16.704 0.184872
  439 -13.349 17.024 0.188413
  440 -13.2664 16.953 0.187627
  441 -13.1837 16.912 0.187174
  442 -13.101 16.693 0.18475
  443 -13.0184 16.912 0.187174
  444 -12.9357 16.795 0.185879
  445 -12.8531 16.978 0.187904
  446 -12.7704 17.025 0.188424
  447 -12.6878 16.695 0.184772
  448 -12.6051 16.525 0.18289
  449 -12.5225 16.663 0.184418
  450 -12.4398 16.624 0.183986
  451 -12.3571 16.757 0.185458
  452 -12.2745 16.453 0.182094
  453 -12.1918 16.963 0.187738
  454 -12.1092 16.718 0.185026
  455 -12.0265 16.619 0.183931
  456 -11.9439 16.486 0.182459
  457 -11.8612 16.633 0.184086
  458 -11.7785 16.636 0.184119
  459 -11.6959 16.854 0.186532
  460 -11.6132 16.6 0.18372
  461 -11.5306 16.846 0.186443
  462 -11.4479 16.639 0.184152
  463 -11.3653 16.714 0.184982
  464 -11.2826 16.919 0.187251
  465 -11.2 16.353 0.180987
  466 -11.1173 16.601 0.183732
  467 -11.0346 16.749 0.18537
  468 -10.952 16.754 0.185425
  469 -10.8693 16.818 0.186133
  470 -10.7867 16.52 0.182835
  471 -10.704 16.72 0.185049
  472 -10.6214 16.732 0.185181
  473 -10.5387 16.665 0.18444
  474 -10.456 16.789 0.185812
  475 -10.3734 16.805 0.185989
  476 -10.2907 17.042 0.188612
  477 -10.2081 16.84 0.186377
  478 -10.1254 16.736 0.185226
  479 -10.0428 16.754 0.185425
  480 -9.9601 16.871 0.18672
  481 -9.87745 16.881 0.18683
  482 -9.79479 16.666 0.184451
  483 -9.71213 16.704 0.184872
  484 -9.62948 16.814 0.186089
  485 -9.54682 16.892 0.186952
  486 -9.46417 16.61 0.183831
  487 -9.38151 16.918 0.18724
  488 -9.29885 16.593 0.183643
  489 -9.2162 16.84 0.186377
  490 -9.13354 16.579 0.183488
  491 -9.05088 16.951 0.187605
  492 -8.96823 17.04 0.18859
  493 -8.88557 16.793 0.185857
  494 -8.80291 16.696 0.184783
  495 -8.72026 16.808 0.186023
  496 -8.6376 16.725 0.185104
  497 -8.55494 16.66 0.184385
  498 -8.47229 16.737 0.185237
  499 -8.38963 16.837 0.186343
  500 -8.30697 16.624 0.183986
  501 -8.22432 16.492 0.182525
  502 -8.14166 16.968 0.187793
  503 -8.05901 16.394 0.181441
  504 -7.97635 16.817 0.186122
  505 -7.89369 16.664 0.184429
  506 -7.81104 16.597 0.183687
  507 -7.72838 16.55 0.183167
  508 -7.64572 16.508 0.182702
  509 -7.56307 16.571 0.1834
  510 -7.48041 16.569 0.183377
  511 -7.39775 16.737 0.185237
  512 -7.3151 16.626 0.184008
  513 -7.23244 16.68 0.184606
  514 -7.14978 16.631 0.184064
  515 -7.06713 16.523 0.182868
  516 -6.98447 16.866 0.186664
  517 -6.90181 16.992 0.188059
  518 -6.81916 16.729 0.185148
  519 -6.7365 16.52 0.182835
  520 -6.65385 16.789 0.185812
  521 -6.57119 16.503 0.182647
  522 -6.48853 16.536 0.183012
  523 -6.40588 16.596 0.183676
  524 -6.32322 16.68 0.184606
  525 -6.24056 16.685 0.184661
  526 -6.15791 16.65 0.184274
  527 -6.07525 16.884 0.186864
  528 -5.99259 16.783 0.185746
  529 -5.90994 16.594 0.183654
  530 -5.82728 17.017 0.188336
  531 -5.74462 16.86 0.186598
  532 -5.66197 16.678 0.184584
  533 -5.57931 16.966 0.187771
  534 -5.49665 16.566 0.183344
  535 -5.414 16.725 0.185104
  536 -5.33134 16.706 0.184894
  537 -5.24869 17.016 0.188325
  538 -5.16603 16.802 0.185956
  539 -5.08337 16.719 0.185038
  540 -5.00072 16.778 0.185691
  541 -4.91806 17.04 0.18859
  542 -4.8354 16.957 0.187672
  543 -4.75275 17.003 0.188181
  544 -4.67009 17.064 0.188856
  545 -4.58743 17.094 0.189188
  546 -4.50478 16.932 0.187395
  547 -4.42212 16.655 0.184329
  548 -4.33946 16.979 0.187915
  549 -4.25681 16.967 0.187782
  550 -4.17415 16.933 0.187406
  551 -4.0915 17.039 0.188579
  552 -4.00884 16.954 0.187638
  553 -3.92618 17.135 0.189642
  554 -3.84353 16.842 0.186399
  555 -3.76087 16.961 0.187716
  556 -3.67821 17.123 0.189509
  557 -3.59556 17.065 0.188867
  558 -3.5129 17.022 0.188391
  559 -3.43024 16.98 0.187926
  560 -3.34759 16.934 0.187417
  561 -3.26493 17.183 0.190173
  562 -3.18227 16.891 0.186941
  563 -3.09962 17.089 0.189133
  564 -3.01696 16.87 0.186709
  565 -2.9343 16.85 0.186487
  566 -2.85165 16.969 0.187804
  567 -2.76899 16.997 0.188114
  568 -2.68634 16.927 0.18734
  569 -2.60368 16.95 0.187594
  570 -2.52102 16.605 0.183776
  571 -2.43837 17.241 0.190815
  572 -2.35571 17.131 0.189597
  573 -2.27305 17.138 0.189675
  574 -2.1904 17.102 0.189276
  575 -2.10774 16.971 0.187827
  576 -2.02508 17.09 0.189144
  577 -1.94243 17.098 0.189232
  578 -1.85977 17.019 0.188358
  579 -1.77711 17.379 0.192342
  580 -1.69446 17.099 0.189243
  581 -1.6118 17.167 0.189996
  582 -1.52914 17.044 0.188634
  583 -1.44649 17.292 0.191379
  584 -1.36383 17.286 0.191313
  585 -1.28118 16.911 0.187162
  586 -1.19852 17.074 0.188966
  587 -1.11586 17.094 0.189188
  588 -1.03321 16.969 0.187804
  589 -0.950549 17.073 0.188955
  590 -0.867893 17.339 0.191899
  591 -0.785236 17.419 0.192785
  592 -0.70258 16.983 0.187959
  593 -0.619923 17.195 0.190306
  594 -0.537267 16.953 0.187627
  595 -0.454611 17.013 0.188291
  596 -0.371954 17.064 0.188856
  597 -0.289298 16.869 0.186698
  598 -0.206641 16.918 0.18724
  599 -0.123985 17.022 0.188391
  600 -0.0413282 16.717 0.185015
  601 0.0413282 17.274 0.19118
  602 0.123985 17.089 0.189133
  603 0.206641 17.271 0.191147
  604 0.289298 17.401 0.192586
  605 0.371954 16.936 0.187439
  606 0.454611 17.259 0.191014
  607 0.537267 16.94 0.187483
  608 0.619923 16.93 0.187373
  609 0.70258 16.947 0.187561
  610 0.785236 17.002 0.18817
  611 0.867893 17.1 0.189254
  612 0.950549 17.175 0.190084
  613 1.03321 16.94 0.187483
  614 1.11586 17.008 0.188236
  615 1.19852 17.188 0.190228
  616 1.28118 17.13 0.189586
  617 1.36383 17.204 0.190405
  618 1.44649 16.97 0.187815
  619 1.52914 16.739 0.185259
  620 1.6118 16.843 0.18641
  621 1.69446 17.011 0.188269
  622 1.77711 16.827 0.186233
  623 1.85977 17.077 0.189
  624 1.94243 17.005 0.188203
  625 2.02508 16.823 0.186189
  626 2.10774 16.656 0.18434
  627 2.1904 16.934 0.187417
  628 2.27305 16.952 0.187616
  629 2.35571 17.109 0.189354
  630 2.43837 16.939 0.187472
  631 2.52102 16.883 0.186853
  632 2.60368 16.858 0.186576
  633 2.68634 16.716 0.185004
  634 2.76899 16.747 0.185347
  635 2.85165 16.745 0.185325
  636 2.9343 17.119 0.189465
  637 3.01696 16.627 0.184019
  638 3.09962 16.803 0.185967
  639 3.18227 16.92 0.187262
  640 3.26493 16.855 0.186543
  641 3.34759 16.746 0.185336
  642 3.43024 16.594 0.183654
  643 3.5129 16.691 0.184728
  644 3.59556 16.703 0.18486
  645 3.67821 16.522 0.182857
  646 3.76087 16.649 0.184263
  647 3.84353 16.581 0.18351
  648 3.92618 16.722 0.185071
  649 4.00884 16.616 0.183898
  650 4.0915 16.833 0.186299
  651 4.17415 16.637 0.18413
  652 4.25681 16.674 0.184539
  653 4.33946 16.952 0.187616
  654 4.42212 16.642 0.184185
  655 4.50478 16.81 0.186045
  656 4.58743 16.862 0.18662
  657 4.67009 16.751 0.185392
  658 4.75275 16.547 0.183134
  659 4.8354 16.703 0.18486
  660 4.91806 16.762 0.185513
  661 5.00072 16.888 0.186908
  662 5.08337 16.802 0.185956
  663 5.16603 16.813 0.186078
  664 5.24869 16.96 0.187705
  665 5.33134 16.837 0.186343
  666 5.414 16.947 0.187561
  667 5.49665 16.731 0.18517
  668 5.57931 16.71 0.184938
  669 5.66197 16.998 0.188125
  670 5.74462 17.011 0.188269
  671 5.82728 16.826 0.186222
  672 5.90994 16.79 0.185823
  673 5.99259 16.808 0.186023
  674 6.07525 16.764 0.185536
  675 6.15791 16.804 0.185978
  676 6.24056 16.651 0.184285
  677 6.32322 16.631 0.184064
  678 6.40588 16.728 0.185137
  679 6.48853 16.943 0.187517
  680 6.57119 17.167 0.189996
  681 6.65385 16.928 0.187351
  682 6.7365 17.097 0.189221
  683 6.81916 16.745 0.185325
  684 6.90181 16.956 0.187661
  685 6.98447 17.023 0.188402
  686 7.06713 16.827 0.186233
  687 7.14978 16.791 0.185834
  688 7.23244 16.95 0.187594
  689 7.3151 16.946 0.18755
  690 7.39775 16.792 0.185845
  691 7.48041 16.867 0.186676
  692 7.56307 17.266 0.191091
  693 7.64572 16.941 0.187495
  694 7.72838 16.985 0.187981
  695 7.81104 17.064 0.188856
  696 7.89369 16.948 0.187572
  697 7.97635 16.97 0.187815
  698 8.05901 16.846 0.186443
  699 8.14166 16.757 0.185458
  700 8.22432 16.973 0.187849
  701 8.30697 16.947 0.187561
  702 8.38963 17.016 0.188325
  703 8.47229 16.681 0.184617
  704 8.55494 16.909 0.18714
  705 8.6376 16.892 0.186952
  706 8.72026 16.752 0.185403
  707 8.80291 16.8 0.185934
  708 8.88557 16.963 0.187738
  709 8.96823 16.761 0.185502
  710 9.05088 16.801 0.185945
  711 9.13354 16.663 0.184418
  712 9.2162 17.048 0.188679
  713 9.29885 16.878 0.186797
  714 9.38151 17.042 0.188612
  715 9.46417 17.065 0.188867
  716 9.54682 16.916 0.187218
  717 9.62948 16.611 0.183842
  718 9.71213 16.623 0.183975
  719 9.79479 16.699 0.184816
  720 9.87745 16.845 0.186432
  721 9.9601 16.749 0.18537
  722 10.0428 16.601 0.183732
  723 10.1254 16.633 0.184086
  724 10.2081 16.729 0.185148
  725 10.2907 16.703 0.18486
  726 10.3734 16.596 0.183676
  727 10.456 16.676 0.184562
  728 10.5387 16.792 0.185845
  729 10.6214 16.58 0.183499
  730 10.704 16.514 0.182769
  731 10.7867 16.703 0.18486
  732 10.8693 16.753 0.185414
  733 10.952 16.772 0.185624
  734 11.0346 16.724 0.185093
  735 11.1173 16.683 0.184639
  736 11.2 16.701 0.184838
  737 11.2826 16.894 0.186974
  738 11.3653 16.692 0.184739
  739 11.4479 16.731 0.18517
  740 11.5306 16.759 0.18548
  741 11.6132 16.583 0.183532
  742 11.6959 16.942 0.187506
  743 11.7785 16.759 0.18548
  744 11.8612 16.583 0.183532
  745 11.9439 16.678 0.184584
  746 12.0265 16.615 0.183887
  747 12.1092 16.56 0.183278
  748 12.1918 16.645 0.184219
  749 12.2745 16.719 0.185038
  750 12.3571 16.696 0.184783
  751 12.4398 16.593 0.183643
  752 12.5225 16.761 0.185502
  753 12.6051 16.388 0.181374
  754 12.6878 16.775 0.185657
  755 12.7704 16.649 0.184263
  756 12.8531 16.744 0.185314
  757 12.9357 16.544 0.183101
  758 13.0184 16.721 0.18506
  759 13.101 16.455 0.182116
  760 13.1837 16.516 0.182791
  761 13.2664 16.548 0.183145
  762 13.349 16.443 0.181983
  763 13.4317 16.607 0.183798
  764 13.5143 16.631 0.184064
  765 13.597 16.531 0.182957
  766 13.6796 16.523 0.182868
  767 13.7623 16.377 0.181252
  768 13.845 16.541 0.183068
  769 13.9276 16.781 0.185724
  770 14.0103 16.632 0.184075
  771 14.0929 16.562 0.1833
  772 14.1756 16.795 0.185879
  773 14.2582 16.727 0.185126
  774 14.3409 16.659 0.184373
  775 14.4236 16.737 0.185237
  776 14.5062 16.417 0.181695
  777 14.5889 16.641 0.184174
  778 14.6715 16.648 0.184252
  779 14.7542 16.597 0.183687
  780 14.8368 16.791 0.185834
  781 14.9195 16.828 0.186244
  782 15.0021 16.805 0.185989
  783 15.0848 16.586 0.183566
  784 15.1675 16.571 0.1834
  785 15.2501 16.677 0.184573
  786 15.3328 16.496 0.182569
  787 15.4154 16.968 0.187793
  788 15.4981 16.577 0.183466
  789 15.5807 17.004 0.188192
  790 15.6634 16.472 0.182304
  791 15.7461 16.75 0.185381
  792 15.8287 16.68 0.184606
  793 15.9114 16.467 0.182249
  794 15.994 16.723 0.185082
  795 16.0767 16.81 0.186045
  796 16.1593 16.427 0.181806
  797 16.242 16.752 0.185403
  798 16.3247 16.788 0.185801
  799 16.4073 16.42 0.181728
  800 16.49 16.326 0.180688
  801 16.5726 16.783 0.185746
  802 16.6553 16.756 0.185447
  803 16.7379 16.569 0.183377
  804 16.8206 16.283 0.180212
  805 16.9032 16.56 0.183278
  806 16.9859 16.532 0.182968
  807 17.0686 16.452 0.182083
  808 17.1512 16.539 0.183045
  809 17.2339 16.793 0.185857
  810 17.3165 16.879 0.186808
  811 17.3992 16.542 0.183079
  812 17.4818 16.576 0.183455
  813 17.5645 16.723 0.185082
  814 17.6472 16.535 0.183001
  815 17.7298 16.526 0.182902
  816 17.8125 16.332 0.180754
  817 17.8951 16.495 0.182558
  818 17.9778 16.479 0.182381
  819 18.0604 16.47 0.182282
  820 18.1431 16.474 0.182326
  821 18.2258 16.509 0.182713
  822 18.3084 16.452 0.182083
  823 18.3911 16.595 0.183665
  824 18.4737 16.505 0.182669
  825 18.5564 16.553 0.1832
  826 18.639 16.329 0.180721
  827 18.7217 16.606 0.183787
  828 18.8043 16.683 0.184639
  829 18.887 16.649 0.184263
  830 18.9697 16.49 0.182503
  831 19.0523 16.733 0.185192
  832 19.135 16.404 0.181551
  833 19.2176 16.356 0.18102
  834 19.3003 16.929 0.187362
  835 19.3829 16.746 0.185336
  836 19.4656 16.569 0.183377
  837 19.5483 16.861 0.186609
  838 19.6309 16.601 0.183732
  839 19.7136 16.651 0.184285
  840 19.7962 16.48 0.182392
  841 19.8789 16.664 0.184429
  842 19.9615 16.773 0.185635
  843 20.0442 16.305 0.180456
  844 20.1268 16.5 0.182614
  845 20.2095 16.56 0.183278
  846 20.2922 16.586 0.183566
  847 20.3748 16.498 0.182592
  848 20.4575 16.506 0.18268
  849 20.5401 16.617 0.183909
  850 20.6228 16.237 0.179703
  851 20.7054 16.236 0.179692
  852 20.7881 16.499 0.182603
  853 20.8708 16.379 0.181275
  854 20.9534 16.465 0.182226
  855 21.0361 16.502 0.182636
  856 21.1187 16.436 0.181905
  857 21.2014 16.726 0.185115
  858 21.284 16.586 0.183566
  859 21.3667 16.563 0.183311
  860 21.4494 16.49 0.182503
  861 21.532 16.62 0.183942
  862 21.6147 16.463 0.182204
  863 21.6973 16.519 0.182824
  864 21.78 16.55 0.183167
  865 21.8626 16.752 0.185403
  866 21.9453 16.403 0.18154
  867 22.0279 16.487 0.18247
  868 22.1106 16.734 0.185204
  869 22.1933 16.805 0.185989
  870 22.2759 16.599 0.183709
  871 22.3586 16.671 0.184506
  872 22.4412 16.649 0.184263
  873 22.5239 16.496 0.182569
  874 22.6065 16.43 0.181839
  875 22.6892 16.532 0.182968
  876 22.7719 16.513 0.182758
  877 22.8545 16.324 0.180666
  878 22.9372 16.388 0.181374
  879 23.0198 16.478 0.18237
  880 23.1025 16.489 0.182492
  881 23.1851 16.463 0.182204
  882 23.2678 16.424 0.181773
  883 23.3505 16.137 0.178596
  884 23.4331 16.155 0.178795
  885 23.5158 16.562 0.1833
  886 23.5984 16.286 0.180245
  887 23.6811 16.004 0.177124
  888 23.7637 16.4 0.181507
  889 23.8464 16.307 0.180478
  890 23.929 16.362 0.181086
  891 24.0117 16.059 0.177733
  892 24.0944 16.298 0.180378
  893 24.177 16.263 0.179991
  894 24.2597 16.209 0.179393
  895 24.3423 16.347 0.18092
  896 24.425 16.423 0.181762
  897 24.5076 16.189 0.179172
  898 24.5903 16.672 0.184517
  899 24.673 16.186 0.179139
  900 24.7556 16.315 0.180566
  901 24.8383 16.3 0.1804
  902 24.9209 16.365 0.18112
  903 25.0036 16.49 0.182503
  904 25.0862 16.34 0.180843
  905 25.1689 16.147 0.178707
  906 25.2516 16.279 0.180168
  907 25.3342 16.314 0.180555
  908 25.4169 16.286 0.180245
  909 25.4995 16.198 0.179271
  910 25.5822 16.174 0.179006
  911 25.6648 16.32 0.180622
  912 25.7475 16.342 0.180865
  913 25.8301 16.412 0.18164
  914 25.9128 16.321 0.180633
  915 25.9955 16.309 0.1805
  916 26.0781 16.584 0.183543
  917 26.1608 16.176 0.179028
  918 26.2434 16.303 0.180433
  919 26.3261 16.114 0.178342
  920 26.4087 16.24 0.179736
  921 26.4914 16.262 0.17998
  922 26.5741 16.109 0.178286
  923 26.6567 16.157 0.178818
  924 26.7394 16.167 0.178928
  925 26.822 16.066 0.17781
  926 26.9047 16.288 0.180267
  927 26.9873 16.338 0.180821
  928 27.07 16.019 0.17729
  929 27.1526 16.364 0.181109
  930 27.2353 16.083 0.177999
  931 27.318 16.081 0.177976
  932 27.4006 16.373 0.181208
  933 27.4833 16.29 0.18029
  934 27.5659 16.413 0.181651
  935 27.6486 16.418 0.181706
  936 27.7312 16.437 0.181916
  937 27.8139 16.259 0.179946
  938 27.8966 16.454 0.182105
  939 27.9792 16.436 0.181905
  940 28.0619 15.906 0.17604
  941 28.1445 16.165 0.178906
  942 28.2272 16.238 0.179714
  943 28.3098 16.317 0.180588
  944 28.3925 16.232 0.179648
  945 28.4752 15.96 0.176637
  946 28.5578 16.106 0.178253
  947 28.6405 16.102 0.178209
  948 28.7231 16.26 0.179958
  949 28.8058 16.2 0.179293
  950 28.8884 16.249 0.179836
  951 28.9711 16.048 0.177611
  952 29.0537 16.131 0.17853
  953 29.1364 16.15 0.17874
  954 29.2191 16.391 0.181407
  955 29.3017 16.134 0.178563
  956 29.3844 16.259 0.179946
  957 29.467 16.174 0.179006
  958 29.5497 16.292 0.180312
  959 29.6323 16.098 0.178165
  960 29.715 16.348 0.180931
  961 29.7977 16.217 0.179482
  962 29.8803 16.239 0.179725
  963 29.963 16.07 0.177855
  964 30.0456 16.239 0.179725
  965 30.1283 16.327 0.180699
  966 30.2109 16.353 0.180987
  967 30.2936 16.406 0.181573
  968 30.3763 16.308 0.180489
  969 30.4589 16.301 0.180411
  970 30.5416 16.329 0.180721
  971 30.6242 16.463 0.182204
  972 30.7069 16.258 0.179935
  973 30.7895 16.461 0.182182
  974 30.8722 16.36 0.181064
  975 30.9548 16.562 0.1833
  976 31.0375 16.384 0.18133
  977 31.1202 16.623 0.183975
  978 31.2028 16.421 0.181739
  979 31.2855 16.291 0.180301
  980 31.3681 16.331 0.180743
  981 31.4508 16.371 0.181186
  982 31.5334 16.38 0.181286
  983 31.6161 16.411 0.181629
  984 31.6988 16.294 0.180334
  985 31.7814 16.648 0.184252
  986 31.8641 16.813 0.186078
  987 31.9467 16.585 0.183554
  988 32.0294 16.416 0.181684
  989 32.112 16.396 0.181463
  990 32.1947 16.67 0.184495
  991 32.2773 16.517 0.182802
  992 32.36 16.486 0.182459
  993 32.4427 16.66 0.184385
  994 32.5253 16.671 0.184506
  995 32.608 16.579 0.183488
  996 32.6906 16.624 0.183986
  997 32.7733 16.511 0.182735
  998 32.8559 16.534 0.18299
  999 32.9386 16.629 0.184041
  1000 33.0213 16.566 0.183344
  1001 33.1039 16.63 0.184053
  1002 33.1866 16.623 0.183975
  1003 33.2692 16.626 0.184008
  1004 33.3519 16.668 0.184473
  1005 33.4345 16.603 0.183754
  1006 33.5172 16.611 0.183842
  1007 33.5999 16.789 0.185812
  1008 33.6825 16.637 0.18413
  1009 33.7652 16.63 0.184053
  1010 33.8478 16.412 0.18164
  1011 33.9305 16.566 0.183344
  1012 34.0131 16.934 0.187417
  1013 34.0958 16.832 0.186288
  1014 34.1784 16.722 0.185071
  1015 34.2611 16.641 0.184174
  1016 34.3438 16.909 0.18714
  1017 34.4264 16.692 0.184739
  1018 34.5091 16.817 0.186122
  1019 34.5917 16.99 0.188037
  1020 34.6744 16.678 0.184584
  1021 34.757 16.742 0.185292
  1022 34.8397 16.579 0.183488
  1023 34.9224 16.736 0.185226
  1024 35.005 16.493 0.182536
  1025 35.0877 16.789 0.185812
  1026 35.1703 16.639 0.184152
  1027 35.253 16.653 0.184307
  1028 35.3356 16.651 0.184285
  1029 35.4183 16.683 0.184639
  1030 35.501 16.638 0.184141
  1031 35.5836 16.637 0.18413
  1032 35.6663 16.677 0.184573
  1033 35.7489 16.577 0.183466
  1034 35.8316 16.525 0.18289
  1035 35.9142 16.689 0.184706
  1036 35.9969 16.714 0.184982
  1037 36.0795 16.498 0.182592
  1038 36.1622 16.608 0.183809
  1039 36.2449 16.561 0.183289
  1040 36.3275 16.606 0.183787
  1041 36.4102 16.531 0.182957
  1042 36.4928 16.729 0.185148
  1043 36.5755 16.563 0.183311
  1044 36.6581 16.541 0.183068
  1045 36.7408 16.408 0.181596
  1046 36.8235 16.417 0.181695
  1047 36.9061 16.374 0.181219
  1048 36.9888 16.723 0.185082
  1049 37.0714 16.528 0.182924
  1050 37.1541 16.829 0.186255
  1051 37.2367 16.618 0.18392
  1052 37.3194 16.588 0.183588
  1053 37.4021 16.482 0.182415
  1054 37.4847 16.734 0.185204
  1055 37.5674 16.527 0.182913
  1056 37.65 16.711 0.184949
  1057 37.7327 16.593 0.183643
  1058 37.8153 16.768 0.18558
  1059 37.898 16.646 0.18423
  1060 37.9806 16.648 0.184252
  1061 38.0633 16.736 0.185226
  1062 38.146 16.622 0.183964
  1063 38.2286 16.703 0.18486
  1064 38.3113 16.539 0.183045
  1065 38.3939 16.824 0.1862
  1066 38.4766 16.679 0.184595
  1067 38.5592 16.765 0.185547
  1068 38.6419 16.715 0.184993
  1069 38.7246 16.517 0.182802
  1070 38.8072 16.423 0.181762
  1071 38.8899 16.687 0.184683
  1072 38.9725 16.609 0.18382
  1073 39.0552 16.456 0.182127
  1074 39.1378 16.404 0.181551
  1075 39.2205 16.914 0.187196
  1076 39.3031 16.553 0.1832
  1077 39.3858 16.609 0.18382
  1078 39.4685 16.481 0.182403
  1079 39.5511 16.607 0.183798
  1080 39.6338 16.797 0.185901
  1081 39.7164 16.581 0.18351
  1082 39.7991 16.564 0.183322
  1083 39.8817 16.778 0.185691
  1084 39.9644 16.858 0.186576
  1085 40.0471 16.539 0.183045
  1086 40.1297 16.584 0.183543
  1087 40.2124 16.741 0.185281
  1088 40.295 16.672 0.184517
  1089 40.3777 16.724 0.185093
  1090 40.4603 16.828 0.186244
  1091 40.543 16.903 0.187074
  1092 40.6257 16.776 0.185668
  1093 40.7083 16.637 0.18413
  1094 40.791 16.553 0.1832
  1095 40.8736 16.805 0.185989
  1096 40.9563 16.682 0.184628
  1097 41.0389 16.588 0.183588
  1098 41.1216 16.629 0.184041
  1099 41.2042 16.727 0.185126
  1100 41.2869 17.016 0.188325
  1101 41.3696 16.682 0.184628
  1102 41.4522 16.88 0.186819
  1103 41.5349 16.914 0.187196
  1104 41.6175 16.916 0.187218
  1105 41.7002 16.778 0.185691
  1106 41.7828 16.629 0.184041
  1107 41.8655 16.804 0.185978
  1108 41.9482 16.356 0.18102
  1109 42.0308 16.842 0.186399
  1110 42.1135 16.512 0.182747
  1111 42.1961 16.797 0.185901
  1112 42.2788 16.696 0.184783
  1113 42.3614 16.687 0.184683
  1114 42.4441 16.832 0.186288
  1115 42.5268 16.795 0.185879
  1116 42.6094 16.588 0.183588
  1117 42.6921 16.841 0.186388
  1118 42.7747 16.782 0.185735
  1119 42.8574 16.583 0.183532
  1120 42.94 16.611 0.183842
  1121 43.0227 16.679 0.184595
  1122 43.1053 16.666 0.184451
  1123 43.188 16.716 0.185004
  1124 43.2707 16.62 0.183942
  1125 43.3533 16.649 0.184263
  1126 43.436 16.437 0.181916
  1127 43.5186 16.638 0.184141
  1128 43.6013 16.61 0.183831
  1129 43.6839 16.843 0.18641
  1130 43.7666 16.756 0.185447
  1131 43.8493 16.592 0.183632
  1132 43.9319 16.576 0.183455
  1133 44.0146 16.549 0.183156
  1134 44.0972 16.794 0.185868
  1135 44.1799 16.727 0.185126
  1136 44.2625 16.725 0.185104
  1137 44.3452 16.707 0.184905
  1138 44.4279 16.436 0.181905
  1139 44.5105 16.643 0.184196
  1140 44.5932 16.655 0.184329
  1141 44.6758 16.763 0.185525
  1142 44.7585 16.483 0.182426
  1143 44.8411 16.664 0.184429
  1144 44.9238 16.866 0.186664
  1145 45.0064 16.538 0.183034
  1146 45.0891 16.74 0.18527
  1147 45.1718 16.88 0.186819
  1148 45.2544 16.594 0.183654
  1149 45.3371 16.49 0.182503
  1150 45.4197 16.783 0.185746
  1151 45.5024 16.551 0.183178
  1152 45.585 16.452 0.182083
  1153 45.6677 16.512 0.182747
  1154 45.7504 16.698 0.184805
  1155 45.833 16.727 0.185126
  1156 45.9157 16.76 0.185491
  1157 45.9983 16.493 0.182536
  1158 46.081 16.519 0.182824
  1159 46.1636 16.679 0.184595
  1160 46.2463 16.393 0.18143
  1161 46.3289 16.496 0.182569
  1162 46.4116 16.692 0.184739
  1163 46.4943 16.862 0.18662
  1164 46.5769 16.788 0.185801
  1165 46.6596 16.583 0.183532
  1166 46.7422 16.558 0.183256
  1167 46.8249 16.548 0.183145
  1168 46.9075 16.515 0.18278
  1169 46.9902 16.607 0.183798
  1170 47.0729 16.592 0.183632
  1171 47.1555 16.68 0.184606
  1172 47.2382 16.804 0.185978
  1173 47.3208 16.803 0.185967
  1174 47.4035 16.826 0.186222
  1175 47.4861 16.652 0.184296
  1176 47.5688 16.773 0.185635
  1177 47.6515 16.362 0.181086
  1178 47.7341 16.498 0.182592
  1179 47.8168 16.579 0.183488
  1180 47.8994 16.955 0.187649
  1181 47.9821 16.878 0.186797
  1182 48.0647 17.099 0.189243
  1183 48.1474 16.779 0.185702
  1184 48.23 16.583 0.183532
  1185 48.3127 16.73 0.185159
  1186 48.3954 16.58 0.183499
  1187 48.478 16.545 0.183112
  1188 48.5607 16.563 0.183311
  1189 48.6433 16.681 0.184617
  1190 48.726 16.647 0.184241
  1191 48.8086 16.385 0.181341
  1192 48.8913 16.872 0.186731
  1193 48.974 16.982 0.187948
  1194 49.0566 16.684 0.18465
  1195 49.1393 16.619 0.183931
  1196 49.2219 16.576 0.183455
  1197 49.3046 16.88 0.186819
  1198 49.3872 16.856 0.186554
  1199 49.4699 16.992 0.188059
  1200 49.5526 16.797 0.185901
